2596996162
4039455774
2854263694
1823804162
1879968118
2949882636
0281908850
1292406600
0416480912
2212821389
0672245080
3494557023
1634910179
0920256325
1366049456
2916646474
2013866549
0938678213
1215622422
0872680990
1549930933
2451023057
3704372516
1258862891
3232276575
0887265776
1275959894
3716585580
1258916094
2992386031
0121560817
2249791083
0680014774
0253921263
2972222970
1295030053
0341250713
2337130389
2324006181
1817424866
2278848295
1088948157
1211528648
1196181127
3387032319
0744172826
3781903914
1553942706
0418564398
1276087442
4195826001
3841254378
0319077410
0954725776
2925209077
4188630858
1337978710
1037299406
3186217021
2554683474
3136320313
4006544902
3440505210
2608133663
0785656533
1839779657
3852551122
2931974405
4204469567
3960871492
2118028752
0390143126
3981378005
1494450894
4101459436
2967130188
3053323154
2421414926
3246237246
1734321906
2789535992
0561142274
4234686267
3849758482
2369812840
2768277286
3097306067
0367307783
2875804005
1383340119
1587818672
1017145093
2299018214
0804215881
2674597757
2697661104
1025813007
0544399686
1208304411
1762323197
1867934851
2684762703
2362863031
2678379515
3131807374
3567116020
0002206820
3161390571
1717917180
2594066196
2138327264
1759297107
0127437182
0008177164
0012210768
3933422595
2533318534
2402572274
3502138542
3771031788
1968995452
2577691604
0112807962
3632824159
1072424133
2756442540
1062860987
0745846173
2545299638
3497797962
2980012105
0130234351
2315889770
3224502774
4190491421
1262747498
3234803056
0648385636
1528008769
3573115806
0995702448
2696529095
2140587224
0385843065
0108207233
1684555679
2531381080
3992651572
2457094102
2527916153
1768507280
2373314702
2111437688
4114380729
3363109602
3423984611
1689000180
0461198367
0560123204
0816184516
0327234684
0652162446
0428335644
1353808417
0685695486
1385602332
2315307420
0591863937
2451789070
2202380881
3177527534
0422555156
2235016308
2809086462
2938509808
2804786324
2252709314
2810068830
3076778742
2734366078
0131779027
0055086860
0421039401
1585322719
3549593441
1493281567
1478821740
1086625968
0929736495
2383716021
1726881131
1423215840
0724473658
3555924096
2175388324
3007713512
0248791390
4291357333
1767552401
3353313259
0479638912
0395642184
3069595155
0229757662
1077015772
3644850641
4182790799
0912942324
0092486895
4059580584
2773833222
0399303777
1339538206
1926139776
2092676637
0354247513
2885484039
1718795615
3866652314
4079717305
1371517350
2144844363
1719843706
0085077591
2770420834
1841202787
1458556941
3811557993
1015018773
3285685264
0153565041
3124920520
2687947845
2203694058
0311163323
3778904840
3110540120
4199462158
3639985909
3574262928
1064484121
3923019103
0322282363
3586743514
2702959033
3228701201
0416329275
2714434079
0063683067
2507551122
0295305609
4287553370
2788243018
4232542431
3585463438
1426170028
2840662080
4106077325
1333631481
0791952000
4153638568
3578746347
1329500471
3461192886
1792400843
3086064781
3847445738
1746921148
4115336141
0080372672
3400206676
1819146944
0065203089
1858424790
3885984348
3675222475
0184347049
2830514586
1494043213
2162459297
3607546704
0099254840
0534137245
1121740742
3586072234
1352076303
3864397364
0032990530
0430353185
1590286959
2762540258
1126921711
3397857443
1489769022
0921930687
3306648463
3530862107
1508110333
2573519718
2483999734
1776316817
0514754016
3915351057
0231007307
0983193548
1392316569
1506524751
1500183748
1304820212
4160733075
2884184572
0893108935
4136652229
1297949317
3470080519
0575887093
4070599446
2752493448
0779926748
2124636293
3052621857
1174651033
1750769853
4094215174
2141610073
1239692102
3673529966
4049112078
4191438210
3570153062
1943835524
0193233579
4088405775
4056154825
2301204818
3227938860
3907394955
3715898319
2876402256
2484857205
3478383314
2364876690
4082895742
1354469397
2068154836
2189855306
3189076480
1970893722
2107944240
0284118163
3974854553
0417735390
3872461160
0019089668
0469468534
1127388811
3674122956
4248289986
1104044350
3978906761
0734207617
1785641113
1176496955
1595523019
1758442933
1305185263
2291156530
0758017117
3494345769
3028540885
1104698047
1075326325
1439219346
3226553944
3612038317
4079950097
3862771027
4134439462
3060862612
1750337062
2043104664
1492365354
0057060992
0184685148
0174890805
0020958506
1117226966
3577088661
2566527308
0986011055
4125305373
0219447481
0984922924
4023128374
3093721208
3249066842
1933396386
1455896797
4234813530
2029337912
1556201844
1072260091
0205592989
3391809613
3247897998
2823808048
0949182841
2823964088
1678655519
3948168014
0642894248
2235066715
3288177706
1065935549
1956116951
3005571480
0352056179
2200191628
1144101090
2671476678
0425503163
0603766263
0683774103
4054513971
2712171259
1055668406
4155403390
2306314184
1452476744
2884790550
3596888755
3151882525
2157021947
1818806034
1988739519
4093295615
3195767560
1955024410
1066942813
3091884949
1819787089
3189403446
2821141789
2931407845
2734996066
1067655148
1661557221
3307000061
0542730790
1231099828
2196185047
0852815300
4271801818
2731398554
3123811290
2207714417
1770881343
0563456396
2343345469
3629397759
1259646708
3342789442
0608935175
2810538652
2711620020
1692067842
0006062535
2430378602
3813037698
1943398976
2560567840
2760956749
3564128803
3480556280
0283187946
0349931193
1441038932
2107260151
2658712220
2695773744
1394335827
3406830429
0361579919
1092320650
2953082892
1804819842
0095052488
0931994127
2421692975
0336062872
0981722977
1578716447
1168423850
3866758053
2842538438
4160726228
1911818401
2867377461
1565086353
0028462600
0885516103
3360618868
3291797238
1236561826
3471371333
1942201082
2619714090
0972851284
1670984478
1060275388
0032334443
0659173149
0019281403
3904999501
1021518970
1405584176
3406581728
1848089121
1890192433
0427819439
3367343165
2242312633
0438893626
3643365033
0703766644
2428392602
0520539111
1182638555
4287807926
3991312434
0905684464
0443621516
1351154359
2029067751
0615326666
1612667480
2954095254
3384009069
0140943104
0413987857
1438034074
2246729294
1497139938
0774261424
3928612693
1580982019
0680560209
0390918712
1130212629
1694307179
0811554447
3246364884
2754635528
1368730679
2698943460
1195911238
1447339906
2480206720
0474551970
1839341789
1489491442
1636312426
3457418803
3792614656
1620463515
0772432368
0813348566
0424569443
1921152524
0707102701
0113922630
2796771080
3364988985
0789240685
4188173183
3140643796
1901146802
1079151414
0096479391
2630395824
0414433033
2147792904
1023024566
1206927511
1881229538
3931969481
0882455388
3018996197
2019403180
4044474835
3303926829
0079044741
0384647765
0403394365
4083776537
0271528952
2161503053
3426288393
1738331536
0868925525
2342417650
1366524486
4085254502
3398208242
4143225426
0713087419
1166414187
2790229741
1098957875
2647702173
0812939683
4125008980
1531317596
3997807170
2643138802
2901338117
3360561437
0282730784
3282485470
3110111631
2297984712
3473993697
2343011234
0529019363
0938750148
2697121146
0217202198
1967666323
2658322103
2028516921
3723462185
2435413049
1745428429
2611432236
1991310126
2676325497
3669908271
2983998700
1426746080
2971171305
3366150781
3388009332
3369791599
3659381521
1329247589
0116475021
0226616702
0765131333
1641077202
3323141445
1253242120
1602407668
1846652026
0928420324
1396213796
2152927635
1773390187
1237273681
3319192106
1038652436
0593455203
2467386013
1436304376
0236847142
2755547154
0765460485
2805298814
2322901634
2140316568
1078934300
0297249814
2814994445
1779625891
1113785671
4004234497
0115095261
0646869505
3638041124
0635593551
3057713809
2630456228
3173106414
2620330906
3696217402
0361514346
1782746402
3435748390
0907386901
0444926091
0913198454
2139910599
0698892277
4054816798
3522809230
3372043550
1051081886
2635350680
1091801720
2643487079
0877581187
0310365102
2256692625
3910603557
1999582563
3696282212
3365326359
3581129231
3856674371
2483091022
1263663296
0338436629
4198750187
1821993910
2055826721
2364033673
0244091673
0774767813
1034094967
2826952256
1788994403
3315177225
0554941559
0434536286
0869555127
3255387575
3478973064
2207463047
0797839446
2320522380
0053605651
4196280555
3415769602
2090873003
2322507695
4088635616
3154234814
2013369318
1396664829
1822302193
2321952305
2325902728
2742573177
1500403601
3206146474
3409342385
0797170277
2758704790
1278890394
3046460289
3581626157
2493103216
2766919454
0085362127
3925716908
3104514705
0426622876
2818674022
4178134545
3620236803
0751407560
2206490177
3760047483
0049865283
3267716628
2882891342
1728547055
0387975273
1725098676
0425937568
0288314088
0807426474
1993421997
0680625046
1212750788
0419459990
3977492724
2622164158
0640054214
4063235271
3175232165
0314526990
3865061712
0099022857
2285043757
3469241979
3096060145
2344398283
1076605830
1537363204
3827621129
3433411840
1144818578
1921101007
0551197609
3328938601
1368630121
1732113758
2430647775
0308813630
1245012770
2605854396
2704058651
3548764726
0692412907
0902074502
3118706760
2508706664
3968639925
2158636929
2008309664
3183852917
1217958876
4058838499
1325857577
3159671619
1589626833
0538874712
0032949174
0059847945
2020098416
2317058488
3222889267
2048554693
3697038486
0670193203
2326320547
1153480688
4070460811
3340755601
3167183612
0314795327
1152903123
0177470281
1774028557
3897352888
2948048383
0314133073
2565284311
3017042624
0735732766
3817642822
3892827470
2701265942
2710007599
2315754757
2783332625
0068536317
0957690009
2768695603
2223429166
0370927633
1038387562
3325180593
3128867112
2564122179
1086707633
3714478634
2176535148
3924555555
3670698406
1309899323
1175677568
2956571333
3225309846
3115036858
1412676222
1195346366
3942447809
3850275300
3491003524
2592513983
4134818494
0529429021
2615846674
0919002928
3905623347
3478580915
3248464806
2532234363
1231617277
0353687235
0689974928
2027957353
0997286732
2660556271
3025360810
1865299171
1955718210
3000592958
3894698682
2573590408
1404471527
0167220639
0562009894
3043423766
3888271672
2773364420
3701290407
3523850661
1800011294
3785243815
3457435345
2950447609
2959356997
3943523383
0023980851
0800464674
3767626944
2296709258
3215006008
4184662287
2409939628
0068520579
0577708237
0593225785
0379644516
3525147301
4213432161
1009583957
0068301635
2063080650
0816190426
3899028539
1028874270
0059933820
1645899904
0111836342
2176140544
1907072418
1048575953
3361909974
2697754776
4091274293
1768106237
4218155867
1048732036
4293001967
0602189932
2005152587
2219372549
0454167043
2333550147
2433403697
0090688293
1747966009
4080830709
3990187927
3425165520
2085988983
1247603719
1411228665
3011746195
0423521998
0525344238
2067215598
0433307851
3980335566
1488903157
1462633660
0736304114
2665829834
1330933844
2230567204
0717981945
0936346457
3992277765
2751199210
2155126236
2588673371
0775741186
3377694696
2182766450
2601521633
3014709743
3109982031
0733156153
0145685388
0506012963
2788261019
0725381282
1717404463
2504049529
0580734317
1324447685
4255811180
2149016474
1389797642
1895298888
0428776822
3835630426
1253542448
0282322022
3832099067
0512575284
0729832364
3436082436
1551763252
2537508941
3309311141
1935624125
1782762371
3147326859
1274621926
1834709645
0576699103
4120210915
2262353929
1349870164
4226494905
2218962308
0493507147
0775232895
0850793058
3275085570
1271569969
0589834698
1153604319
4052236634
3032236993
1751915201
2344825944
0707609944
2292230341
2845159396
0672143786
1229463218
2302226291
3530017869
3422440285
0186169551
2595338509
0009043611
3262158583
0611843655
1771394372
0040400791
2934655833
2569638087
0585462284
2544997221
3543904710
2414677087
0086642407
4003194034
3948446408
1747567859
0009668441
2239247080
2871928875
2589409765
1258604707
3375050281
1166678006
0541822090
3621527052
0112825206
3516143585
1370459730
3948875445
2321232805
3808004385
0366207198
1303535177
1346158962
4264446476
1708274974
4180595369
0416452268
0293618013
2341048934
0946219131
3020433650
2937080612
2611916932
1684176033
2222129054
2635811884
3462642343
1584696214
3154228910
1777868172
2291497610
3533784111
3599675861
3325219027
2422583424
4021631321
0259040151
0701489966
0900454632
1125269824
3012930837
2412110977
3824918259
4154883394
2384617565
1823764166
1651916180
3905036994
2321904539
3642251568
1888326743
0784034718
2431043243
3182172788
3880841111
2976510983
2038419226
3538089149
1780162567
0950432594
0838947418
2933847163
1708584051
0664276411
0658135563
1193660004
2733600385
3369180748
0087817720
0567722214
3790214574
3629013342
3777509361
2886476683
0920405730
3556686551
1636498049
3329020266
4153372261
1524932885
0333354904
1804123713
2492537879
3477110444
1168518198
2921654984
3558658375
2318360686
2546500725
1676548265
0170634670
0808703708
1251641942
3223860268
0670372125
3029834532
2357037003
1857385346
4022726231
2165879760
2812599296
1080893640
3158169983
2691593912
3472110718
1976758399
3324448889
1404569122
1034247445
0680753557
2851811433
0795642624
0758829832
0324967404
2006562428
1036561864
0237947913
1229616802
1935815928
3198937768
0849346880
2572443662
1411429043
4270783911
3375017052
3666459698
4057446013
2820751932
4165453660
0261900333
4077868175
1142385758
0821185514
3489091043
2698916403
0674187628
1007658818
2527437420
0253204571
1125392377
2890813495
4000271116
2945536039
3835186624
1623464424
0778381810
0444581585
0654859438
0190881083
2579534910
1320104906
1695881660
1228445732
1829075874
2138724648
3506437774
2415256522
0792114097
4000398174
4083289173
1853410717
2932459969
1620581231
3532361573
0828812593
2738390467
2560905693
3910872394
1226538228
3128005395
0434160489
4148941836
0476822806
3294476979
3706007468
3635455870
2596234962
3907301549
1983352983
3831914392
2401383809
0953506312
1067983685
0593922012
3298600168
3745921385
0146476835
3371759507
1442738898
1067664151
4146436363
1963614347
3452066683
2066726101
3609512531
1277725643
2085893229
2203024068
4102947753
4165394485
1474932977
0841856304
3014877721
3269180862
2221811520
0352621834
1214086004
3751424142
2823719212
3236449669
1824990618
1693590765
3026932635
1519595704
2856323878
1551227721
1323287568
2988067628
1608501153
2774356083
1769891000
2701084610
4105664005
1657658378
3414938495
2913643946
0873948918
2640238065
4041979821
2463655835
2334057569
3935762106
3551220956
0118306724
1497662563
3910679121
3902026198
3762941112
3453486741
3773935225
3393751339
3534661603
1485607039
1614996845
2737156433
3758357851
2812054385
2757859803
1060125498
2499516539
2821520232
3687140229
1610678367
1928355495
2062075793
1489424843
2081759474
2297093416
2550292095
0274253355
4281744497
1615356284
2830066646
1976384163
2569733430
0971890034
4286883038
1651350751
2373702114
4061240991
0632788301
2833501439
0114177953
3993630262
2033372521
2330816494
2641736981
0667766766
0090731417
1804996016
2909295724
1505238574
1720500136
1164046644
1357140828
3666681342
1609588233
3385248782
1976501077
2616125709
0210120588
1200316452
2959588450
0122131183
0464415509
0638901942
4010078762
0669734935
1546991063
0668078648
0699071304
2575038449
1617966404
3570388005
2285277104
2886334722
1523354948
0894535582
4106993449
3806004672
4184757059
0450539332
3719128655
3439553714
3708085508
0323633859
0611323659
1849697753
0411688213
2877786327
1701781464
4030226842
4050451594
3613425420
1209972286
2719357332
3989599262
3657136030
1579295813
3251170014
1462687996
0718700570
3957549140
3461111577
3573901378
0763299268
0588848920
1508186995
0228229979
0723676847
2543455432
3183877865
2912120498
0571853108
0871409250
3310163195
2024921228
2065224309
1182820262
2187695659
2362991572
1227035086
3257046644
2764002680
2112937343
0427155918
0803424980
0422315628
4251071283
3220435189
4139274596
4185254930
2817013373
0140527563
1888331002
2793705736
3682894580
0722089669
2270380390
1370240190
1330746340
0266633648
2198828935
1087529901
3054345861
2872447241
2086091954
3397952128
0445181309
2874181909
2646951602
2651287951
0182962282
1180062638
4136398226
1724027749
3324114143
2321357755
3352316622
3185996296
2382519926
2113286209
2623375438
2174829255
2992859240
4110749819
3189135224
1227050579
3655306188
1687303097
0330436651
1725562116
2580493963
0740590889
3911081362
3044614680
3860018676
3999368222
3737303966
4136525930
0796592304
1339912204
0544903716
0772381347
3629859376
2496790661
2933363747
3669891431
2321267150
1954059378
3769896296
1603557306
3774881276
1343362174
0875412910
0424481960
0126622561
1978575847
4035866796
3334259451
3407960771
3693945224
3184011794
0806908228
1169727037
2852198508
1182499829
4222336501
0471380525
3558192425
2276461369
4251899039
0698337270
2389878700
2854567499
0076554193
0403981211
1984630580
3802676509
3158244856
2655758019
1576657359
2310311516
1807706920
2867994980
0182389677
0084198531
2461068218
2401401698
3105833832
3020315594
1466719750
1868128825
3619096012
1853309339
1453808646
0986764813
1724484864
1346246222
2663601466
2796249853
0187624973
3395574490
1393397843
3083179357
1037294217
3038001947
4251650374
1851440261
2242960275
3811357962
0587382278
2935555554
4001131163
3600663184
4075508589
0586538383
1259111359
1347534719
3091393806
1531689725
4036799665
2772390754
2372080932
0411269902
2111825421
2030069259
1453521347
1052080348
0964637211
0093236779
3827843235
3065960331
2158876467
0125079257
0503857379
0214441463
1529535390
0039233823
0132403141
1535189415
3138855011
4207243076
0587687200
0702327967
2221911153
4280826680
0672756341
0794324399
2646337441
0234491553
2998422251
2455170273
0955748454
3215251734
1115226308
0167914120
0693405767
3672191293
0388313812
1016835864
1365306831
1007409508
0492790164
1761041673
3555447928
0469677886
0778815663
1552624352
1316363427
1612194635
0227751292
1156071337
3262278261
1574035651
1367720401
2528087189
4275952285
1867948266
3154312266
1397599130
3526813853
3356759268
1151837369
0519582419
3656124262
2946809015
0209500392
0646335973
3444297879
3961947885
1801744697
0583512343
1559990752
1131844061
0883583463
0615638330
1239648405
2990197037
1941304905
1489695000
2136825761
1821682968
0456340642
1312308146
3369881605
1620246654
2992887049
0883597768
0073547048
1566679368
1041489371
2192016054
3041055246
2846601645
0459582943
3625723265
2008456721
3585792443
1223167314
3621092125
0452089004
0341470002
1152457118
0340946583
2280256767
2862362835
3624649374
2805999739
3697826001
1232774925
1109736593
3260838455
1901828924
0039649576
0424748988
3308110335
2653984364
1929977275
1130671011
0834746751
0341055186
4239820432
3913915162
2837786015
0938386008
0084890197
1237616448
0318731076
3371080190
3773499283
1152299443
2073323732
2656609586
1643487355
1303128282
0838403698
3710221812
3364236531
3415341912
2106491662
2591915871
3552875394
2388110236
2954936405
1668155806
2998536210
0813543688
3674311674
0392238466
0918582733
0921321864
3409558606
0981129820
2971870357
1167088280
3324098760
1590410783
2584296825
1515095810
1946008053
2829798875
0402978779
0003900487
2261357650
2504866821
0527346910
1729757674
2508062467
1460190091
1208563248
2938190438
1867539984
0125971857
1356408063
3467465665
3573808033
3013776673
3657135652
0364441984
1524366574
0087827933
0018474455
3960650965
1654707416
0418254371
1308313104
3406328640
2378660727
3342560741
2328813353
0624806656
3398245186
2433090353
0373965175
0403308681
2297314233
3963214281
4125390863
1678933810
1130934330
3122577577
2296579120
3033587376
3921917993
2026414706
3019910439
1046047581
1233185669
1378264504
0907468820
0411271626
2142828008
1396329158
1256363275
3864765351
0534667163
3335606798
1369830508
2216747274
1008262846
3629550508
1954819041
1453604791
1933690142
1023304675
1419360294
4259136621
0872196817
3255792644
2743460413
1514271641
4194806721
2893705932
2806274162
4246127444
0711677393
1031736558
1145471346
1495627574
2436884834
1481451455
2477326234
2782794312
4287471682
1738615189
3880996345
1636210218
2596194404
1807950328
0918608611
4045162626
3337789094
3803908672
2715062393
3648779061
0447286461
2518790221
2788483178
3982830256
2578221276
1580147502
3021342086
4255939548
1242241716
3126436638
2285698777
1001577548
1100646200
1814984115
3088187233
3486259368
2302864284
2323803822
2157088891
2560712632
2077511811
2264680620
0667561932
3732406652
2282333940
0289474625
3703027679
2654142472
3443748333
3385414696
1898998430
0357831920
0559239747
2006358197
3508918443
3745241292
3767859011
4131424378
3819577329
0827240698
0124634296
3103711776
3175417465
1053843070
1266678353
4092924568
3980412939
2792814276
2075214463
3897909172
2023412606
3066720802
3078840655
3619980804
2986736529
2760131868
1666039455
3102729093
3568330900
0815389965
0363217353
3235974651
0102336937
3484555608
4047996526
3774435873
1668985262
2826280640
3979175435
0097553710
1056839105
0792301584
3267626417
0099685741
1500580693
0429304848
0410572691
2720886698
0840347711
2049859601
2289473419
3926193453
2062241577
2757505725
1867158770
4061274468
2062974530
0540929507
0147015467
0330524868
4023646588
0772638872
4166859287
1357955129
3217641033
2987357564
2605908862
1604799578
1548363807
1300650897
3909827383
0411092189
2609575913
3105853693
0312916598
3831904899
3620754201
0083766458
2969844867
4254091848
1503947753
1051150889
1519708441
2152276202
1400629655
0901503514
2712592157
1407884304
2749182420
2891762098
1426710474
0327723784
3895613052
1397462185
1306066241
1080765874
0374748740
1224690667
2761087345
1339573274
0672437877
1846644478
1668102619
2768162317
2458121510
1628640241
3461487505
3476483733
1008821952
0035584554
1423943883
1452114444
2443624582
1805390334
2401663093
1675871905
2742794237
1088120221
0242580929
4049824810
0977767999
1853607943
2503444734
2374842966
0960534882
3828652040
4054243854
1821603128
4222610330
4138906934
3056188884
4243194255
3654007709
0321535319
0088964397
1664621483
3278573189
2441937681
1815857446
3221584759
0870919584
2482907734
0591249640
3774638092
0734997201
1997415037
1838729669
2557331712
0384529332
0814666992
1705681952
0844176681
2260351119
0262606456
1048215798
3718034754
4179547423
0903195215
0222518955
1229708718
3377141871
1018989907
0635186366
4292508603
3938343363
0125467624
2113215494
2179920954
0246704434
1596014928
0389360516
4198162848
3602132237
4220433602
2357756641
3250069978
3978181749
0058767286
2690030966
0286098153
0325818716
2736956747
1630343768
1259393581
2432249665
1943360911
1934359310
2106089729
3544893206
3627325461
2989691363
2847385886
3396654897
2910198074
0890354881
4050199042
1518792068
1994998721
2299602628
0641566448
0784256442
1978452944
1840178446
0801300811
4242277750
0976125840
0111247679
1239468437
1420675166
2400000351
0032819404
0285674449
3674592626
1602322576
1144231963
0713627747
1772607261
0684853098
3835629397
3252156048
1784734933
0893826793
2064446358
2398980491
3655111996
3320300601
3221189691
1297233978
1134776778
1371494162
2143133204
1219554966
0024141857
4211432996
2376801108
2212308471
0557597712
3487499296
0483659991
3042190021
3645467306
3511654697
0693723970
3063693937
1219667809
2123375259
2009130111
0780044642
0218543953
0680434169
3630863684
0717170717
0435026648
1765612758
2344939722
1976059110
2239466075
3214809795
1169867919
2043763784
0966556309
1959690561
1436797298
1196381047
3071588848
1837288970
2289637864
3464833769
4174408204
0216843831
1917367602
1425242407
3342346439
2597335701
2949118447
3212399419
2082912390
3912899654
1434904576
3275568225
2994701938
2180368053
2403898058
2434945813
0616451401
3357807143
3921838050
1350876884
2259025490
2086847342
1603680812
0800562761
1069661626
3891541431
0778822154
0637182698
2390849518
3746896681
0416254097
3012285677
1471363263
2069613458
1003014939
3758791844
0334405198
1953777198
2272767670
0790323447
2517470524
0774273620
1625668340
3495566101
0684935988
3992394660
0498465451
2573322305
4175194330
2087119076
1688416208
1758107410
1517313208
2372037437
1791691971
2403616912
0366587056
2473511479
0492607688
3978984192
3115054878
1219828520
1505566719
0240252247
4158368103
1887555760
3838599204
3342720290
0375749371
2887490519
3201799028
2645142686
1680766948
3139988994
1212926678
2753715099
0998779390
3311903881
1032797551
0298775983
4293510543
0331262003
0318258012
1321215012
2957546804
3959118027
2006899344
0439992880
3267502510
1568543776
1594909281
2089816155
1796198116
3766018285
4257068930
0820513948
2434119982
1361687429
1775744128
0657942818
1859581537
1927373092
2541054095
0078314685
1567324566
2824173957
3200525067
0813955444
4032157161
1609625230
4135882718
1034468475
2335828704
2406421083
3562398408
0485735856
2603951814
2963207002
1166547300
1053504812
1885372297
3389130210
0237450805
1556602212
4204528815
1561280342
3413598696
3635288796
3258426429
1576173213
0773333149
1248971559
0516832869
1868947939
1980765400
0582904556
4110348351
1260535106
3691416925
1709211052
0362541236
4162170958
2515484730
3382536815
4263074131
3062935639
1228995684
3437851285
4234221036
0065753171
4005871759
1129554816
3780499026
4005621458
1266755996
2047151955
1996633800
2601297702
2542863224
3910578633
0306053920
2690579867
3047716832
1455293881
2339445312
2343013031
2920818832
0674835942
3305651643
2604669943
2297360431
2055444899
3243886506
2430761680
0587759621
0334213653
3817110715
2144950956
0863852314
4063071947
0192719130
2676487718
3429847477
2168562954
1438397596
2399142449
1098599037
2562521863
3273831123
2781764609
1356417572
1175358964
1847504181
1054733927
2885233559
1286639938
0940528826
2056624006
0283386584
3888891092
0568775434
0898136446
2387237188
3218185362
1562888313
4193815049
2959582765
0517081508
1968389092
0268599901
1537721237
3560422665
1626343489
3366683219
0934831930
0435798184
0289574937
4107189397
1671578874
1640982981
2443385421
3232797352
3192915565
1895379191
0749225349
1019798650
1571478861
2039109979
2933952733
0496945134
2821600553
1459322096
2161607659
0885238635
1678849274
0334720072
1323669816
2936258440
3826220733
1521345354
3666996677
3685114212
2748745197
3652274917
1649777755
3585631676
1067689145
3467002619
3420854421
3516982042
1791622244
1839553679
2458978452
1349478284
3803011746
1632475508
3750758093
0061977345
3792027465
3022106692
1069882866
3472651745
0298107004
2077336739
2455035410
3579625307
2592710205
3216053836
0536354365
3606256011
0877928472
3659468373
1386613748
1225106677
3508991416
3872186644
2878847199
0981069285
3620640376
0073511445
3176568745
2955109207
2873725002
4178364990
0494872571
2894541364
0779106690
0915204924
2386105962
1328128795
0094576405
0772342100
2846504459
0400943028
3568298798
4081007047
3583357073
1062166013
1335189325
1976878568
2273392917
3375016559
1259879713
1334862709
2762481008
0514185062
1578554834
3718077332
3112603609
2853195420
2401063659
0766283553
0478186408
0800724504
3795615707
3205815842
3456538353
1927177705
2823864002
2784164229
3574899854
0980873235
3902103191
0481636145
0949399482
3820177493
0400873963
3948780863
0669362248
2444098867
0443224803
1160169621
3416423549
3502162460
0913627102
3404529504
2894394720
3307149141
0978003160
1442630339
3901960037
0733581292
0598881420
2415750175
2095416683
1153658664
2976446076
0737536712
1123413687
3580955797
2120648362
4208215016
1352619053
1265221601
0129219275
0003703656
4114029289
0737793971
3562059903
4030311950
3506713683
2051375869
0893557284
0060073854
0781585388
3462237571
2573780083
3530432534
3249509948
1183731302
1612610768
1406841669
4210039357
2904595325
0302694785
1251532706
0760279755
2921727668
0965332441
4257364172
1606257028
3004816282
4235568460
3110205924
1463773324
2746401395
0832340486
0107778824
2535595458
2235177971
0957713125
3228788877
3811010538
3752531068
3155437383
2300425335
0450491026
1703617679
1891805210
3142277989
0112960373
2181100167
1448065204
2131288279
4236329124
3122741732
3417311746
3585564978
1883555454
3725208439
1671627295
2006025543
0520097450
0675457835
3487957863
2052422333
3466303274
2937951702
3022060192
2732943438
0194034879
1458962182
2218029373
1111534118
2031058331
2198123888
1118538466
4015938417
0643946757
3423344274
2929021486
2143508980
1013073523
0058815778
3771345742
0680802660
2679984549
0805565361
3682586305
0293954156
1347273820
0857328826
0767824157
0770555453
3684085141
2410406716
1612278117
1596581573
0369798207
0946087303
3597065401
3307476897
1573494985
2594382224
0057392327
1877674418
3256683175
1680978526
2153999964
2076367036
0832471771
0770999302
4222347148
3742299491
0709043709
0814010485
3178020701
2812876594
1130579577
3996717710
1415664419
0231613544
4210426411
0657739832
2562757930
1370843081
1365155747
3378745760
3120432512
3830502350
2999989242
2559638732
2272718439
4043237994
1262870407
3465073159
1629047636
1319361263
1250465176
1995256889
2485159663
2072573220
1934185330
3491601220
2615983023
1652420565
3117377480
2117898146
0587016340
0101973225
0144877033
2206665227
2931494040
4219030934
3229007743
0622412759
0639848752
3055337024
2408312094
1274599151
1582044827
3936852309
3610580518
1006884269
1891361122
1889010079
1580112640
2062060347
1975596471
3034843350
3804645892
0802379091
0481408327
4223871909
3782914590
0270100885
3283837595
3052937656
0964833674
2445482160
2909363232
3980080940
2893715066
3912461573
3227883491
4072335461
4221191755
0459670743
0899539485
2376532812
1816899072
3376966648
0112589527
3606778827
2117396910
1336354356
1977219699
2911666603
1266743735
0634699287
3000265707
2362739588
3668736955
3558578100
1656004955
0025833413
0035534672
1675834022
2563841623
1809031717
1851730117
3727109286
0155585024
3749688401
4092642702
1772726854
1535719806
0570565481
1157533914
2281720979
1431522982
1359331183
1893344269
0355226729
1292357734
1817477426
1955013008
1818522700
3556375084
0929054845
2934764734
3806327580
1621922062
2889658812
3620731468
2487316519
1580769146
3424359796
0181082580
2792434741
2644348422
3258890651
0254809692
1624872280
2956932346
1846601971
3696445941
2119267402
1568973982
1837671262
0850194614
2629052809
3410655177
3514813652
2997458592
1411094118
2672028934
3621373336
0516795026
0793068011
0437424252
0025382303
4039966040
2556111188
3945980712
2681793810
2033682534
3530321260
0134259593
1676180719
2917904766
3558359501
1689886559
2737099764
3271054863
0979489807
2616098486
2388244765
2090550998
1538356733
0336754233
1422742806
3626886086
1602595905
2688558567
1672379439
3806970536
1197839486
2179555953
4045143347
1305078696
4252524887
0637099983
0647555850
2714056954
2402934215
3238100111
3924312194
1540740401
3678868946
0452131511
3606663657
3954791536
2104722480
1283171292
4115795495
0902357704
3152189532
0209541510
2349653695
0032320133
2479816261
0343827587
1324300182
1407333061
0008650931
3436547965
0080298607
1120512917
1956057746
1943869927
1755206018
0734866453
3951559577
1823814576
1228853161
0723811502
3143160856
1472917123
0803111399
2430586676
3096482132
2183956242
1022962128
2670406686
0974233818
1552895001
3486501111
2383684337
3784561286
4259166715
1684639700
2397094169
2200934223
1898955062
1190564587
2680077895
3625967612
4287940044
2914736583
3486989406
0606048391
1562496961
3749535435
3505196410
1671016341
1834559906
1335959984
2608175753
0926071348
0883880046
0954943576
0252831591
3118128113
1671284270
0505014023
0611470876
0998743076
3444875191
3948106822
4003002657
1431823160
3932196615
1906049919
1975716603
3647887037
1942764625
0971837333
2740042285
3494133981
1590540045
3710602176
3637647379
4246070467
0111320802
3185806282
1023505408
1482376859
2062982044
3694853570
0386857237
3111344977
0284654971
3606876041
2366950884
2925299166
1238046743
1492148650
3880640477
2466315279
1231045475
3088539348
2598470693
4228984927
1702522722
3982491734
2338471611
0973774870
0299660680
1114579367
1030015425
2517221172
4042408844
0186826168
0378903627
0182081258
3107212558
1368732560
1512990052
1958474486
3573192028
2926461653
2444986257
3065695865
2881501170
1942178388
2528733581
1231400879
2677857659
3883735258
1191131408
2996071715
1608812804
1104188247
1786835970
0179465537
0774988921
2084080253
0270530501
0714992822
4230623301
0178273650
0079771625
0608277633
4076210215
3043930190
1776408795
2269711904
1445459850
0043604226
0114387933
3850067234
3849892058
3732122099
0655371777
4263467525
3506385369
2715035518
3796658926
2164605353
3677856105
1489112773
3275814401
3859122250
2893614320
2080978620
2385996812
0849532769
1628194958
2962697846
2912051630
4001382506
3347464787
0346281392
1556318672
1817155081
2456526370
1697412287
0593835012
1921149245
3747109308
0784760022
1488056123
3576439446
1003620851
2388673838
2828830367
1836785386
1063391234
2032664941
2616856010
3392166034
3593130641
3166959615
3038180457
2228064341
4040340941
2616027551
0458768571
1349776138
3476358362
2928404465
0289575193
0579049429
3677800042
0793957385
2842746215
0386313760
4039747599
0031902902
0478870784
3984094327
0129942954
2100139219
3320867996
4046837157
2694755147
1684071742
1024286420
3994552945
4196604142
4024009393
3442904819
1122329273
3947009543
1550139350
2826102368
3875387064
0775595195
4058642683
0551512718
0007092131
0094014374
3316271452
1006451589
3365639121
2827582162
2629622634
1341935722
0612440241
3413718954
0629132164
0275754787
3697011456
2605091484
1649498167
4065228559
3365631269
1751831908
2789187794
1208782558
1167635649
1363882501
0826746511
1398920247
0667108115
3579474473
0666984188
0752428702
0771882953
2532702195
0647069665
0264361114
3675634924
2883633531
3760159460
3490295404
0820153318
4004383664
2881120624
0430069402
0451588948
3179517357
3908669865
1238874066
2483688243
0593919414
0563103850
0801701434
0509493600
3633825678
1158940993
1874863892
2880690225
3981100997
3768399050
1850557865
1168820553
2558004218
3582461068
2869684848
1712869613
1099222621
2557395869
1013189836
3568333806
1322692923
1263943736
1956770063
0230075126
1112065456
3834018845
1469944744
3793820374
3143610491
1466142722
2326852872
2512903612
3788264942
4078228709
0835845902
2422433672
1664186776
1936278877
0767387864
1110701449
0543297351
0456755416
3241940456
3573635179
3686041467
0774558136
2082006859
1765802194
4136480926
0517039614
0638299441
3807891195
2431296096
2799892348
2948570752
4015017422
2206476282
0841143410
3788475372
1744888485
0215228467
3277541299
4108949000
0552072040
3509830306
0613681220
2399540921
0540375847
4039975439
3967418619
4141227891
2933429729
1673863867
3163930279
1400328398
4127274716
1499592021
2041031071
1119252560
1234485293
3093381160
0224281176
1071939153
2471570613
3613665138
2004343873
2522628007
3804168984
2401942660
2168210425
0661286618
3163775946
1317934288
2887048334
3600757001
0431037311
1638095515
1731523754
1637651257
1325563589
2666961069
1896557601
1146486620
0261533688
2085308989
2330719011
2148553892
3312703255
2238192293
0391388306
3610170442
3307925113
2325590239
4120286081
1427548338
0989368498
2639277147
1958209281
3732027015
1832605267
3359650021
2799507214
4228774990
3296557739
2001956332
2066975505
1999174678
2803409526
1978611012
2050275550
1088934076
3486942435
2348483906
0297685993
0383495181
0327922828
2592667241
3192339181
1859252176
2233771589
2684644670
0613714690
3814929492
1703788647
1717044100
2154503559
0857614712
3292408634
2367976532
0567734381
3551642473
0200113773
3421844485
2071036196
0159431462
0982826152
3535448435
0748044557
0572891237
2101279618
3394657305
1598636267
0345650057
2134267510
3122251209
2891065365
2132803710
1335462847
4231412893
0302962668
2831441055
1013789005
0777542098
2437180587
1570040159
2508165585
2930803593
3210286079
1025200583
1760849024
2655077701
3711212492
1377225739
3721316479
4292398978
1706475439
0146591471
0325257989
1869949355
3355954163
3551575562
4032014786
3622911820
2350129694
3560629344
3238786217
3631597618
0761503707
0695497517
2417676096
2265171665
0088728025
1596336477
3324154542
0315218374
0014881189
3814817493
3762708380
2742064688
0250654084
1094776628
1935263932
2645584928
2379868792
1301566019
4252169912
1516484721
3973972307
1048553733
0188712840
2524904172
2449678835
2028575059
2938691895
1697816679
0087406726
2126414976
1887867075
0641791419
2071234074
1932970759
2070937532
2273195324
0010489361
2853415576
0715705382
4171018342
0774756613
0664666837
2127484905
1965885783
0119155906
1805083192
3497370550
2820352374
1549507315
2940362504
0029940304
1934447982
2366316472
2258269493
3680641227
2026439299
1177851446
2044786437
2589360380
1022210917
0056257600
2602082673
2315432362
3820736198
3812688376
3271519744
0817250170
0145917491
2599075181
1073469847
2010838549
3875948744
3360599938
2406137311
1447611598
3883222488
0848729106
2187976131
3758633780
2356095572
3035304324
3278208395
3443837874
0423394191
0536328315
3642242645
2884086931
1070404221
4166279145
3969098337
1959522707
3851448462
3662752860
1060092377
1204812117
1738251917
0844221365
3391957091
2208409285
4004486734
3297626270
2091029657
2803687770
2788246176
2456956315
3057212579
3159831303
1585742959
0442230290
3306342679
0606181082
3072853903
1583848645
1206004220
3960790406
2000941010
1268197667
2713297355
1635531728
0951047322
3198044707
1972397623
4261562812
1515978246
1146592327
0474597205
1285855292
0150023883
0850385755
1743025164
1056537671
2381883812
3644362321
3172377023
2658607794
1056584847
4170020004
1087296484
0498034302
0372900239
0716339409
3765870753
2609082432
2890029542
3999738752
2224824405
0190088183
4257729911
3081196928
3172581211
0541909068
4207573324
2620104938
3997088818
3063122487
2989691312
3828247614
4175840754
2300792314
0000417894
0042509345
0852537433
3995545131
0312313088
0537562041
0969725262
2845242861
1539215337
2340896417
0144976040
0280023524
3917538423
4021779852
1127245248
1695723174
3010203290
0769087943
3045441683
4097491824
1452098276
0470419588
1661719328
3305676003
0768323180
1430214404
0997436698
0877700108
2762493253
1535819353
1496335126
3262108245
2325328482
0952485604
2884280630
0320939766
2787548844
2182810839
0186639285
0175824189
3801571763
2613427209
3065718581
1149082574
2456549052
0005721354
1615840331
2994983995
3482098711
1167691742
0793558896
4031382218
2270687454
3564504574
2391505867
3449792222
1649406469
2027324753
0564817861
3926250295
0594627633
2740549509
3636880419
2920596757
2692294909
2754833770
3836297444
3679079358
3302081672
1692262424
2733753230
2526382347
3908125319
0478527883
0333717738
3039206516
0894851670
1698160702
1532653898
2048172779
1821791948
3864840235
1165755524
2432464390
2450042214
0966461023
2820183840
3299017111
3939532972
3813678877
4121001564
2146274659
0929235249
0100687777
0848264891
1139659942
3018267223
1080822555
2492045049
2967378972
1796819953
4289582606
1228832561
1037968064
3620782748
2568357147
0407579859
1755404275
1429446236
3656785326
3535419701
0102933445
0139242651
3509316718
1476496530
0631153523
2595949747
2344943291
0697005659
1377579396
2073117437
3806312607
0649876566
2856452621
3982776184
3300956705
2348369021
2091627169
0512984092
1789562102
1490188695
3753861543
4231520240
1843610365
3866568945
1460341039
2537666506
1505751277
2013833790
0627222083
0724703219
4083813491
0936939496
3754609934
0555597625
0348206629
0688318408
0985468251
3829513997
2417218925
0255860567
2332577417
2532860463
1498545485
3887035029
1579626917
2947986273
1086555343
1449426859
0206024105
0914058917
1368591625
3386292701
4003753738
2062605246
1031646720
0688205187
1556432839
2552633546
0769652461
3405915788
0767584562
0365846692
3048128952
1406033738
1783473740
2454173368
3195521123
2605007556
3850569174
1611207556
2988663706
2985388942
1105372750
1755618852
0059852233
3049726969
2536080266
1688394412
0587763983
0600598967
0473512299
1147738226
3380381993
2734889974
3179845242
3172879971
1545723465
3979233135
0897414700
2536129179
3896506589
3746698914
0449726236
0107993884
1723198094
3669844991
1154106752
0226116273
2744703507
4209860487
1726612430
0741024152
1051455160
3910066512
1922439428
2720161822
3064000964
1469955492
1859000475
0411743450
1356004223
3807861559
0763207291
4240489552
3395368876
2947731146
0492569621
2414786778
3399861258
1935305783
1997804532
2302515917
1703476025
0210132522
3969927661
4030225858
1780339360
0613665181
4150232130
0751047457
3640319287
1670539073
1452441533
3937658295
4074431724
2833472761
2056927085
2272310363
2295458913
1061138153
2358740951
1681215898
1174601674
1225833010
3104729136
3768023425
0469926138
0810547334
3685872454
1203278019
3731161665
0636787498
0046434468
3099913287
3495067097
2850180065
2571806370
3606419838
3757079176
1246149931
0980096079
3136638217
2557813763
1365202268
2116481169
3268911641
2269083152
1649627498
0508776812
0020220309
1038068415
1189539612
1611118762
2606876396
0079326544
2239716169
0620542895
1478984588
1137669666
2433274720
1738803406
4156143132
0399071436
4044054767
1052793499
2850330039
4080234140
3196016599
0838950328
1394739722
3400792695
1048743253
3927631223
0978931938
0672535731
1767033297
3725424041
4109415138
0699057830
3927699325
0401867753
3453365489
3016434773
2879700286
3165499249
1762763794
0561122678
0546097201
1360848475
3154550034
2841244591
4101121471
2467422763
2900345202
3671015852
3396811995
3891097888
1195855998
2768659030
3261810047
3658199022
4150531471
1666566786
0917152827
2955578261
0629973334
0919955620
2264035458
1786054723
1709540574
3963368291
0561071074
4051687518
1118463386
3213915024
0909565195
1971813254
0381890478
3023724292
4199614967
2626375425
3944730381
2968278569
1427289212
1655181929
0468216106
1467778173
3115014916
0763408837
3690405417
2333470370
2952490790
1844301820
3573822997
1918603748
3946320349
2739964924
2806474173
0576719662
2913427822
1556727775
1730627647
1471918890
3291173050
3230788894
3104943569
1324990131
1076799378
0705265852
3734015287
0450752106
3479721787
2727394840
2451417352
0522737833
3837239547
4069163771
0160234628
3823492705
0283747584
3381650329
1991294087
3795415817
1593079634
3506606202
0368960023
3614844599
1853893960
3017853099
0255543269
1077025606
0746863872
2548482795
3934828578
3913293005
0919379097
1084091504
3110557743
0319646206
1113523799
2225858351
3607030895
1070353276
1923113705
4059190705
2350708004
2688401335
1683669477
0624764006
3086122263
1288430920
0953692685
0764207533
3887458186
3546649469
3110119515
0784836822
3886607446
3149667077
2100233318
1583822571
0512904526
3416310185
0852174430
1939259501
4001185421
0422715651
0768694210
2065430926
3262908279
1094910450
2699225017
0980897848
4123538726
3988758513
1103291350
0349852660
2544977448
3149670886
1318229924
0575211926
3207544033
3939297199
2017850952
3300607316
0625222948
1770500042
3822560614
1496824361
3630856894
1939048496
2408776232
3246183896
2967632775
3337584609
2449304246
4251374695
2858850254
3361592812
2594277198
3347093535
0269736942
2209170011
1149548297
2540231189
0537132963
3849613071
1995860959
0016669115
3225340826
2159087033
0722931536
1985830723
1737101791
3594439728
1767160543
3786117558
2697196042
0896518573
1589111398
2216826643
0558407477
2333246638
2312714607
2885884760
3425309181
0587211832
3384828659
0486135954
3824886259
2750839115
2785535190
3961745082
3175655979
3324726835
3748262462
2264320745
0266390122
3215747855
1306108263
3547946939
4022567202
2170697197
0162602162
1816456564
4051516714
0716160847
1790302977
1122559727
0383480379
1883714106
2414454209
3806352550
2529945004
3249114284
0638268158
3581928582
1845066164
2751264525
1233941525
3913764013
4222200769
0550553369
2320281301
1707191719
4212713614
2774044328
1159622508
2406661231
1939591935
0666923997
2984401849
2233628012
1824317444
0371544920
0471255752
1074721707
1119140144
1777632116
0065145513
0142906378
2965733127
3180051613
4095280994
2775282572
2053349052
1618251780
3152180447
2845897252
2204391541
2684988808
0803492777
0139248434
3007001073
2574473192
2034603165
0700134794
4250838207
1757664467
2816925555
0417027549
1985542655
1869336928
0391680692
1198767136
0483049682
3510058462
2035469610
0021930756
1812340557
2986824866
3357665625
0689316876
0276920461
0245694677
3514469075
3538399489
3596039695
1233667252
3170205110
3436126743
3585672881
2859321491
3031332774
4063884087
1253652396
1777959117
4212924920
2216235531
3309418024
0897977520
4031404929
3191479340
1956534064
1536814221
3967359101
0917570721
2998087607
0620533456
2576348546
1482510767
2323616764
2679265837
2513643856
2100286412
2097616640
1263439426
3493938549
0532136322
1698625811
1509135726
0027131303
1738960286
0673735615
3747254909
1718752956
2879387488
2125601517
2129935434
0478486881
3883338096
2193623242
0392874819
3211170479
1420016747
3380121174
1147688179
2540963947
4243932230
3692450528
1395787508
0897659428
1406009370
3739538614
1917266933
1647743080
1549248807
2797777517
1875694855
2474072705
3533348431
0710987207
1054888323
2666853202
3445736102
3895086583
3244976248
0259152756
1812959706
3338701050
1920031276
3610026851
1933154054
2556111949
1114007787
1224362633
0095076155
1952188415
2956757722
3289556780
0251221573
1477719573
3934622627
0288194021
0084139982
4240745219
2373614512
2144708057
0532537120
1562619387
0653363945
1854796964
0206915270
2811684501
3758512249
3118526056
3744905654
0929978933
1920580944
0825898430
4133711691
1591225029
4108614760
2090172078
3971959908
0408773209
3406169767
3372683737
0961426878
3987295224
1714072071
3997931968
3239893261
2664645126
3004949576
0918162842
0611671177
0846789741
0935050686
1460683716
0094509663
0338820778
3670488138
0159661997
2524356686
0342715878
3363991132
4091691959
1242534001
3859169379
4021473978
3780824409
3914179672
2920155217
0341335563
0290156134
2414785050
4090968389
1097267190
3230841081
3333905925
0058309686
4280733461
1626857384
3898964927
2252173305
1021034500
2962288339
2796478857
4187927640
0407493323
2933194462
0836976409
3714921289
1065960030
0938394493
0896959026
3264934408
1474072459
3309255710
2551458585
0364875744
3913659234
3144555285
0108082352
0257478237
3235647276
3850300295
0005053710
1823727679
4065787667
0539288222
2476145491
3416953992
0242130376
3303381986
0764431582
1404040012
2594671203
3247305555
1192947131
1618858553
0012304658
1043201440
0436430247
2286604472
4092311398
4114109154
1017482401
0704254300
1672423861
1174341141
2448500767
3760281631
3578169081
0480737457
1773809718
0510152974
2741938360
1821533598
3545921830
2474306443
4172286696
2919560645
4279864849
3572108518
3130543972
3836878267
1786006385
2667343279
0284988842
1636142471
2779664991
3906466609
2791676689
1447968069
0561443184
1308731012
3664445232
3223770564
2882820603
2514655116
1314469631
1525651672
0893040270
1434138060
1739210635
3960240443
1212279904
2126176867
0734239360
3700071545
2785307335
3206907342
0529766307
0212057149
0355039809
4131286795
1566243315
2381459072
3097702704
0857155391
0804808290
3539109693
0647339560
1946298832
0042151786
3925798572
1296062398
2403610820
1967796990
2197366910
0277310428
3430590737
1724601762
1142728150
1720801218
0544119128
0667532699
2153588755
1678160610
4096362480
0350846022
0748784655
1335008692
2984775790
2635661413
1926910575
0280639933
0418033867
0526905410
0043429092
2643261239
0101252919
2250226649
3906052882
4234610794
3500078457
1890439894
1824393585
3017870912
2509517825
0771448300
3469783891
0848266764
1418645944
0142661976
0716533712
2809030022
3475384484
0068322579
3598991937
3889445097
0550464403
3973244262
3188042649
2533864165
3138354827
3287156253
0611462866
1805847649
2874558188
3938341980
2129678622
1506115892
2876629953
3107010335
1191091020
1579928793
3278458925
1874688989
3182728934
0263753726
2438700839
1094672545
1231825148
0310942906
0525842146
0133897132
0780352107
0013029949
0927896873
0070018964
0826244253
0712107270
2105067201
3372270644
2319134686
0806141273
1519244994
0419780761
0460427845
4236836500
4094471110
2415736799
1257084408
1526435941
1992013397
3701240759
1417431716
1189008263
2440545750
3159497958
1516161869
0510915553
0406845788
0080850539
1919343675
1079926809
1761642941
2869341243
1617368688
3919530114
1171177194
3741755031
1425710054
1997734596
4047508273
0506848998
2130334735
3263171443
3746452145
2472184582
2625177200
2236687442
2833290695
1540441498
3663159921
2768289141
2418216928
2357268146
3575762873
0411272649
1294114536
1306522569
1485610200
0577056302
2010462983
3361263999
0955504292
3024036791
0240282580
3632675819
2432292852
2509438846
3816612923
1283105653
0266710055
2083590068
2648790490
4137962791
4165839581
0270659990
1419499795
1415620156
0080786695
3893677285
1709111178
0793467985
1796418676
2248142015
1765271835
3401441631
3795670454
4074414301
3309349819
3203902802
3722985893
2281450221
1389080727
0597715711
1626423956
2550718385
3702865948
1912203646
3003619264
1882400653
0350861503
3329198912
3569517295
2602149621
2414804566
0812339441
1491584828
3252840669
3947534152
3026984888
3122817377
2179483829
0040320389
2861508199
1238295868
1364996418
2048545221
0944892624
0243455944
0138018909
3343600500
3999854810
1061775037
3442791186
3551703180
0638879899
0555657194
0130928373
1330845272
1222220015
1825952947
3816286513
4180741768
0891597761
2256214443
2300889328
1615662783
2387552764
3239772067
3275212937
1531340697
3267502320
3742426458
3920882828
3807900371
2120773751
2022276522
3249231748
2614985222
1055949384
3222498984
2528003926
1747578381
0686386456
3766730691
2446756546
1021454576
2001899761
1374143762
2255450244
1216189718
2393673785
2081760572
2509543747
4235310631
1709960593
0241396242
0200025430
1858302205
1078974893
1820669324
0500094309
0831180127
3848962202
0519026234
3760903528
2437466378
0215548779
1331138746
0456025202
3052127303
2157069596
3725041359
1402374939
0511752337
3893337411
0225389622
2102300292
1875168699
4103425915
0059685271
1944151207
2428883792
3899489953
0394726976
0399206383
1688620168
1076640718
1444367224
1290944245
4046901514
2029677587
0314117347
3366878622
3452966408
1856905986
1895152021
2234187112
2351371297
3503475173
0973780862
3895298959
0870328057
0706721291
3970045319
0424082117
2394321458
1591698162
1871344382
2765300232
1718489072
0573522600
2147046667
0161888284
3529754218
1056302025
4108833992
1888495256
1099558469
1335194445
3524849600
2177460123
0490196867
1525392463
1742139903
1496947944
3597631613
3669140334
3178109532
1114408530
1219811684
2085569942
3127063825
2540851157
0747690739
3946640237
1143044286
0423164785
1372109918
0615609916
4116150640
1858808481
1418948483
2938668525
1767471529
0632939945
3424099430
3763643313
2489271937
0039102867
4191104700
3680122730
3246258770
4198092093
4154401985
1018094795
2574823784
3138599845
2021418193
0960659098
1511700094
3217367804
2180279834
0917522838
1332664269
1263401789
3523088411
2963366484
0091949720
2638584811
3698932137
1167765530
4061587520
2596055148
1051835950
0738746774
3958180250
1175536456
2969708925
0398243856
1706442384
0090790136
4056467541
0728378876
3470157550
2671084112
0642489780
1106965888
1454996478
1408893073
3732397400
1943660010
2037384603
0815855720
0816364443
1434034747
3786911964
0320488999
1791710650
1107073586
2023136282
3749326819
0382033137
2266184834
2607135410
4227951375
0231643574
2945423398
3004320905
0028835715
3745823169
2860421999
3279401785
0041928240
2220576755
4136969884
0941688339
1406397094
3424049971
1785009450
4294610746
2770679544
1878485020
0926666167
0486313451
0040658171
4171724971
2781246528
3581640754
1829776085
3905226354
0419305056
2689115024
4006248669
0271090127
3731333148
2640773013
1420121093
2146354845
3893572501
0654001292
0791773902
0653598313
0080997085
4239204087
1396537964
1198150968
2024424591
0919434041
2839404208
0934413800
3389473856
0842089561
0542026384
0542594875
2613443361
0692791866
3578612372
1212508812
2697455432
2163425220
0186371541
1522055985
0639055525
3413338894
3515295219
0680796837
0264545328
3054204216
1344876562
3906204614
1507363821
3233900159
0696201035
2586362331
3158846446
2311446557
2168274802
3285577362
1834680974
1770791055
1887289617
4246633669
1138805283
0738767650
0113660724
2553993658
2629419622
2269729266
1600306777
4118223598
1033809945
0167145981
0195630778
2526268793
0803937314
1503268939
3103004184
3235940015
3076346499
2482062428
3578592845
2650733780
3902088456
4055697384
3610218198
3604625034
2989906665
3363307753
1586478605
2975738431
2100842335
3385943068
3976104602
3563834548
2324005020
2844845572
4252295658
1432453448
2241216410
2843047103
1997671416
3530578247
0976542591
1040838390
2902631674
0211472154
0566574300
0134356586
0607518754
0038966582
0496529372
1915951302
1240623318
1566054339
1728139153
2818929315
1457420727
0940008691
1451754792
2767007364
1696014491
0074717141
1901715292
2414547834
3833123712
0343054920
3898391121
0067085337
2049117302
2414456922
1873120663
2284604110
3476639264
2186281584
1437298482
1159158559
2851828213
1803246395
4283291372
2269587850
3063225778
2465285387
4059206172
3072879028
0750547594
1444603584
3164222724
1676047845
2912634423
3906610974
3055625597
2968789509
3422281630
0081069121
0153529842
2480531009
0185230998
3166020478
4215855056
0842652696
0944639380
1748663783
0343082421
4145631118
2131944221
3292432256
3071665190
2842308410
2481209976
2173484099
2735700940
2021558993
4114859436
1788959436
2086835648
1938164937
0611395330
0425751213
1111617840
2256993642
2428878161
1397797352
2745463356
2978610213
4280061793
0266234590
0412963886
0863952846
3269221154
1157404146
0777214168
3400917252
3028090686
2388574789
1773988292
3150725674
1603791029
2199183260
1510591206
2566378722
0140603474
0896258259
0700945694
0681217833
0550464358
2490401167
0136745118
1060246582
0683467308
2769431121
3989215183
0096282540
3709067004
0643201726
3904881597
2060250989
1876783398
3416990545
0346559799
4190621110
4188312201
2989430834
0152749496
2502774223
2751396014
0936749266
2978746526
1019386707
0081246822
0288405656
1218965548
1318002869
1807695304
0009329442
2341016786
0668022374
2675268712
0266556710
2466883365
4124836800
3964514304
0208878405
0583709668
2791926774
0958517696
3456030547
1532898155
4243064769
2967329153
0388811579
0411098227
1386188452
2573600685
3427603785
3570075787
0505081703
1450522941
3220140332
3106201763
0456303752
3615783771
3967177696
1580534496
0071570595
1861064442
3148938575
3411667775
1421931382
3281086083
4220147264
2311811609
2048763176
2438344289
3865352090
3110310168
1237609073
1012155597
0174555303
0657109782
2794276477
0214570332
1899795049
0436503312
1131412327
0499214929
3083552017
2590224814
0242507126
4160018007
1839901854
2606782691
3835441705
0453505107
2048858310
3069335113
1607433026
1936250189
0802811427
2615582684
2108442304
0888955254
0984982662
2450575669
3900389409
0622876923
2461938550
1248935349
3693370170
2152986319
2454434808
2829877500
2322018251
3334602415
3928126573
2947766040
2636790121
4022144218
3165879872
2811131572
3527716771
0796361411
1231421503
2236414519
3744051263
1772223558
2236642533
1632168291
1954554956
0434696190
0230575652
2566372940
3064905591
3193812186
2245953623
0528722676
2624415484
2749230634
3474924724
3509497951
1358489117
1607437790
1840589358
2255549154
3543248791
3983758905
1478736432
2792978848
3452727805
3586859008
2945999679
3106812301
3347006489
3901562223
0699245706
3500798446
1469841267
0108718887
0491358046
1557799754
0833612292
0692952940
1115224859
3257992812
2885040108
2731520475
2508046748
3713085748
3442561283
2192998257
0448737042
3344657095
2476441589
0949868378
2991853145
3165390073
0430480460
2348532920
3368165494
2805128247
1209813999
2626276721
0946696028
2099103582
3749370041
1568518159
4267608207
3745538169
0555989235
2859249704
0023961631
2178304560
2816751211
3711899989
0318173085
3744559712
2039734202
1463181038
0599931454
0047942434
3509876523
3155127006
2687997201
2428777858
2545385296
3615449383
0403891984
4012234531
0958617700
1044933031
3743425975
4059460838
2289213405
3885250633
1155811246
1410090159
3039451814
2598532665
2946539141
2281888292
