0000417894
0002206820
0003703656
0003900487
0005053710
0005721354
0006062535
0007092131
0008177164
0008650931
0009043611
0009329442
0009668441
0010489361
0012210768
0012304658
0013029949
0014881189
0016669115
0018474455
0019089668
0019281403
0020220309
0020958506
0021930756
0023961631
0023980851
0024141857
0025382303
0025833413
0027131303
0028462600
0028835715
0029940304
0031902902
0032320133
0032334443
0032819404
0032949174
0032990530
0035534672
0035584554
0038966582
0039102867
0039233823
0039649576
0040320389
0040400791
0040658171
0041928240
0042151786
0042509345
0043429092
0043604226
0046434468
0047942434
0049865283
0053605651
0055086860
0056257600
0057060992
0057392327
0058309686
0058767286
0058815778
0059685271
0059847945
0059852233
0059933820
0060073854
0061977345
0063683067
0065145513
0065203089
0065753171
0067085337
0068301635
0068322579
0068520579
0068536317
0070018964
0071570595
0073511445
0073547048
0074717141
0076554193
0078314685
0079044741
0079326544
0079771625
0080298607
0080372672
0080786695
0080850539
0080997085
0081069121
0081246822
0083766458
0084139982
0084198531
0084890197
0085077591
0085362127
0086642407
0087406726
0087817720
0087827933
0088728025
0088964397
0090688293
0090731417
0090790136
0091949720
0092486895
0093236779
0094014374
0094509663
0094576405
0095052488
0095076155
0096282540
0096479391
0097553710
0099022857
0099254840
0099685741
0100687777
0101252919
0101973225
0102336937
0102933445
0107778824
0107993884
0108082352
0108207233
0108718887
0111247679
0111320802
0111836342
0112589527
0112807962
0112825206
0112960373
0113660724
0113922630
0114177953
0114387933
0115095261
0116475021
0118306724
0119155906
0121560817
0122131183
0124634296
0125079257
0125467624
0125971857
0126622561
0127437182
0129219275
0129942954
0130234351
0130928373
0131779027
0132403141
0133897132
0134259593
0134356586
0136745118
0138018909
0139242651
0139248434
0140527563
0140603474
0140943104
0142661976
0142906378
0144877033
0144976040
0145685388
0145917491
0146476835
0146591471
0147015467
0150023883
0152749496
0153529842
0153565041
0155585024
0159431462
0159661997
0160234628
0161888284
0162602162
0167145981
0167220639
0167914120
0170634670
0174555303
0174890805
0175824189
0177470281
0178273650
0179465537
0181082580
0182081258
0182389677
0182962282
0184347049
0184685148
0185230998
0186169551
0186371541
0186639285
0186826168
0187624973
0188712840
0190088183
0190881083
0192719130
0193233579
0194034879
0195630778
0200025430
0200113773
0205592989
0206024105
0206915270
0208878405
0209500392
0209541510
0210120588
0210132522
0211472154
0212057149
0214441463
0214570332
0215228467
0215548779
0216843831
0217202198
0218543953
0219447481
0222518955
0224281176
0225389622
0226116273
0226616702
0227751292
0228229979
0229757662
0230075126
0230575652
0231007307
0231613544
0231643574
0234491553
0236847142
0237450805
0237947913
0240252247
0240282580
0241396242
0242130376
0242507126
0242580929
0243455944
0244091673
0245694677
0246704434
0248791390
0250654084
0251221573
0252831591
0253204571
0253921263
0254809692
0255543269
0255860567
0257478237
0259040151
0259152756
0261533688
0261900333
0262606456
0263753726
0264361114
0264545328
0266234590
0266390122
0266556710
0266633648
0266710055
0268599901
0269736942
0270100885
0270530501
0270659990
0271090127
0271528952
0274253355
0275754787
0276920461
0277310428
0280023524
0280639933
0281908850
0282322022
0282730784
0283187946
0283386584
0283747584
0284118163
0284654971
0284988842
0285674449
0286098153
0288194021
0288314088
0288405656
0289474625
0289574937
0289575193
0290156134
0293618013
0293954156
0295305609
0297249814
0297685993
0298107004
0298775983
0299660680
0302694785
0302962668
0306053920
0308813630
0310365102
0310942906
0311163323
0312313088
0312916598
0314117347
0314133073
0314526990
0314795327
0315218374
0318173085
0318258012
0318731076
0319077410
0319646206
0320488999
0320939766
0321535319
0322282363
0323633859
0324967404
0325257989
0325818716
0327234684
0327723784
0327922828
0330436651
0330524868
0331262003
0333354904
0333717738
0334213653
0334405198
0334720072
0336062872
0336754233
0338436629
0338820778
0340946583
0341055186
0341250713
0341335563
0341470002
0342715878
0343054920
0343082421
0343827587
0345650057
0346281392
0346559799
0348206629
0349852660
0349931193
0350846022
0350861503
0352056179
0352621834
0353687235
0354247513
0355039809
0355226729
0357831920
0361514346
0361579919
0362541236
0363217353
0364441984
0364875744
0365846692
0366207198
0366587056
0367307783
0368960023
0369798207
0370927633
0371544920
0372900239
0373965175
0374748740
0375749371
0378903627
0379644516
0381890478
0382033137
0383480379
0383495181
0384529332
0384647765
0385843065
0386313760
0386857237
0387975273
0388313812
0388811579
0389360516
0390143126
0390918712
0391388306
0391680692
0392238466
0392874819
0394726976
0395642184
0398243856
0399071436
0399206383
0399303777
0400873963
0400943028
0401867753
0402978779
0403308681
0403394365
0403891984
0403981211
0406845788
0407493323
0407579859
0408773209
0410572691
0411092189
0411098227
0411269902
0411271626
0411272649
0411688213
0411743450
0412963886
0413987857
0414433033
0416254097
0416329275
0416452268
0416480912
0417027549
0417735390
0418033867
0418254371
0418564398
0419305056
0419459990
0419780761
0421039401
0422315628
0422555156
0422715651
0423164785
0423394191
0423521998
0424082117
0424481960
0424569443
0424748988
0425503163
0425751213
0425937568
0426622876
0427155918
0427819439
0428335644
0428776822
0429304848
0430069402
0430353185
0430480460
0431037311
0433307851
0434160489
0434536286
0434696190
0435026648
0435798184
0436430247
0436503312
0437424252
0438893626
0439992880
0442230290
0443224803
0443621516
0444581585
0444926091
0445181309
0447286461
0448737042
0449726236
0450491026
0450539332
0450752106
0451588948
0452089004
0452131511
0453505107
0454167043
0456025202
0456303752
0456340642
0456755416
0458768571
0459582943
0459670743
0460427845
0461198367
0464415509
0468216106
0469468534
0469677886
0469926138
0470419588
0471255752
0471380525
0473512299
0474551970
0474597205
0476822806
0478186408
0478486881
0478527883
0478870784
0479638912
0480737457
0481408327
0481636145
0483049682
0483659991
0485735856
0486135954
0486313451
0490196867
0491358046
0492569621
0492607688
0492790164
0493507147
0494872571
0496529372
0496945134
0498034302
0498465451
0499214929
0500094309
0503857379
0505014023
0505081703
0506012963
0506848998
0508776812
0509493600
0510152974
0510915553
0511752337
0512575284
0512904526
0512984092
0514185062
0514754016
0516795026
0516832869
0517039614
0517081508
0519026234
0519582419
0520097450
0520539111
0522737833
0525344238
0525842146
0526905410
0527346910
0528722676
0529019363
0529429021
0529766307
0532136322
0532537120
0534137245
0534667163
0536328315
0536354365
0537132963
0537562041
0538874712
0539288222
0540375847
0540929507
0541822090
0541909068
0542026384
0542594875
0542730790
0543297351
0544119128
0544399686
0544903716
0546097201
0550464358
0550464403
0550553369
0551197609
0551512718
0552072040
0554941559
0555597625
0555657194
0555989235
0557597712
0558407477
0559239747
0560123204
0561071074
0561122678
0561142274
0561443184
0562009894
0563103850
0563456396
0564817861
0566574300
0567722214
0567734381
0568775434
0570565481
0571853108
0572891237
0573522600
0575211926
0575887093
0576699103
0576719662
0577056302
0577708237
0579049429
0580734317
0582904556
0583512343
0583709668
0585462284
0586538383
0587016340
0587211832
0587382278
0587687200
0587759621
0587763983
0588848920
0589834698
0591249640
0591863937
0593225785
0593455203
0593835012
0593919414
0593922012
0594627633
0597715711
0598881420
0599931454
0600598967
0602189932
0603766263
0606048391
0606181082
0607518754
0608277633
0608935175
0611323659
0611395330
0611462866
0611470876
0611671177
0611843655
0612440241
0613665181
0613681220
0613714690
0615326666
0615609916
0615638330
0616451401
0620533456
0620542895
0622412759
0622876923
0624764006
0624806656
0625222948
0627222083
0629132164
0629973334
0631153523
0632788301
0632939945
0634699287
0635186366
0635593551
0636787498
0637099983
0637182698
0638268158
0638299441
0638879899
0638901942
0639055525
0639848752
0640054214
0641566448
0641791419
0642489780
0642894248
0643201726
0643946757
0646335973
0646869505
0647069665
0647339560
0647555850
0648385636
0649876566
0652162446
0653363945
0653598313
0654001292
0654859438
0655371777
0657109782
0657739832
0657942818
0658135563
0659173149
0661286618
0664276411
0664666837
0666923997
0666984188
0667108115
0667532699
0667561932
0667766766
0668022374
0668078648
0669362248
0669734935
0670193203
0670372125
0672143786
0672245080
0672437877
0672535731
0672756341
0673735615
0674187628
0674835942
0675457835
0680014774
0680434169
0680560209
0680625046
0680753557
0680796837
0680802660
0681217833
0683467308
0683774103
0684853098
0684935988
0685695486
0686386456
0688205187
0688318408
0689316876
0689974928
0692412907
0692791866
0692952940
0693405767
0693723970
0695497517
0696201035
0697005659
0698337270
0698892277
0699057830
0699071304
0699245706
0700134794
0700945694
0701489966
0702327967
0703766644
0704254300
0705265852
0706721291
0707102701
0707609944
0709043709
0710987207
0711677393
0712107270
0713087419
0713627747
0714992822
0715705382
0716160847
0716339409
0716533712
0717170717
0717981945
0718700570
0722089669
0722931536
0723676847
0723811502
0724473658
0724703219
0725381282
0728378876
0729832364
0733156153
0733581292
0734207617
0734239360
0734866453
0734997201
0735732766
0736304114
0737536712
0737793971
0738746774
0738767650
0740590889
0741024152
0744172826
0745846173
0746863872
0747690739
0748044557
0748784655
0749225349
0750547594
0751047457
0751407560
0752428702
0758017117
0758829832
0760279755
0761503707
0763207291
0763299268
0763408837
0764207533
0764431582
0765131333
0765460485
0766283553
0767387864
0767584562
0767824157
0768323180
0768694210
0769087943
0769652461
0770555453
0770999302
0771448300
0771882953
0772342100
0772381347
0772432368
0772638872
0773333149
0774261424
0774273620
0774558136
0774756613
0774767813
0774988921
0775232895
0775595195
0775741186
0777214168
0777542098
0778381810
0778815663
0778822154
0779106690
0779926748
0780044642
0780352107
0781585388
0784034718
0784256442
0784760022
0784836822
0785656533
0789240685
0790323447
0791773902
0791952000
0792114097
0792301584
0793068011
0793467985
0793558896
0793957385
0794324399
0795642624
0796361411
0796592304
0797170277
0797839446
0800464674
0800562761
0800724504
0801300811
0801701434
0802379091
0802811427
0803111399
0803424980
0803492777
0803937314
0804215881
0804808290
0805565361
0806141273
0806908228
0807426474
0808703708
0810547334
0811554447
0812339441
0812939683
0813348566
0813543688
0813955444
0814010485
0814666992
0815389965
0815855720
0816184516
0816190426
0816364443
0817250170
0820153318
0820513948
0821185514
0825898430
0826244253
0826746511
0827240698
0828812593
0831180127
0832340486
0832471771
0833612292
0834746751
0835845902
0836976409
0838403698
0838947418
0838950328
0840347711
0841143410
0841856304
0842089561
0842652696
0844176681
0844221365
0846789741
0848264891
0848266764
0848729106
0849346880
0849532769
0850194614
0850385755
0850793058
0852174430
0852537433
0852815300
0857155391
0857328826
0857614712
0863852314
0863952846
0868925525
0869555127
0870328057
0870919584
0871409250
0872196817
0872680990
0873948918
0875412910
0877581187
0877700108
0877928472
0882455388
0883583463
0883597768
0883880046
0885238635
0885516103
0887265776
0888955254
0890354881
0891597761
0893040270
0893108935
0893557284
0893826793
0894535582
0894851670
0896258259
0896518573
0896959026
0897414700
0897659428
0897977520
0898136446
0899539485
0900454632
0901503514
0902074502
0902357704
0903195215
0905684464
0907386901
0907468820
0909565195
0912942324
0913198454
0913627102
0914058917
0915204924
0917152827
0917522838
0917570721
0918162842
0918582733
0918608611
0919002928
0919379097
0919434041
0919955620
0920256325
0920405730
0921321864
0921930687
0926071348
0926666167
0927896873
0928420324
0929054845
0929235249
0929736495
0929978933
0931994127
0934413800
0934831930
0935050686
0936346457
0936749266
0936939496
0938386008
0938394493
0938678213
0938750148
0940008691
0940528826
0941688339
0944639380
0944892624
0946087303
0946219131
0946696028
0949182841
0949399482
0949868378
0950432594
0951047322
0952485604
0953506312
0953692685
0954725776
0954943576
0955504292
0955748454
0957690009
0957713125
0958517696
0958617700
0960534882
0960659098
0961426878
0964637211
0964833674
0965332441
0966461023
0966556309
0969725262
0971837333
0971890034
0972851284
0973774870
0973780862
0974233818
0976125840
0976542591
0977767999
0978003160
0978931938
0979489807
0980096079
0980873235
0980897848
0981069285
0981129820
0981722977
0982826152
0983193548
0984922924
0984982662
0985468251
0986011055
0986764813
0989368498
0995702448
0997286732
0997436698
0998743076
0998779390
1001577548
1003014939
1003620851
1006451589
1006884269
1007409508
1007658818
1008262846
1008821952
1009583957
1012155597
1013073523
1013189836
1013789005
1015018773
1016835864
1017145093
1017482401
1018094795
1018989907
1019386707
1019798650
1021034500
1021454576
1021518970
1022210917
1022962128
1023024566
1023304675
1023505408
1024286420
1025200583
1025813007
1028874270
1030015425
1031646720
1031736558
1032797551
1033809945
1034094967
1034247445
1034468475
1036561864
1037294217
1037299406
1037968064
1038068415
1038387562
1038652436
1040838390
1041489371
1043201440
1044933031
1046047581
1048215798
1048553733
1048575953
1048732036
1048743253
1051081886
1051150889
1051455160
1051835950
1052080348
1052793499
1053504812
1053843070
1054733927
1054888323
1055668406
1055949384
1056302025
1056537671
1056584847
1056839105
1060092377
1060125498
1060246582
1060275388
1061138153
1061775037
1062166013
1062860987
1063391234
1064484121
1065935549
1065960030
1066942813
1067655148
1067664151
1067689145
1067983685
1069661626
1069882866
1070353276
1070404221
1071939153
1072260091
1072424133
1073469847
1074721707
1075326325
1076605830
1076640718
1076799378
1077015772
1077025606
1078934300
1078974893
1079151414
1079926809
1080765874
1080822555
1080893640
1084091504
1086555343
1086625968
1086707633
1087296484
1087529901
1088120221
1088934076
1088948157
1091801720
1092320650
1094672545
1094776628
1094910450
1097267190
1098599037
1098957875
1099222621
1099558469
1100646200
1103291350
1104044350
1104188247
1104698047
1105372750
1106965888
1107073586
1109736593
1110701449
1111534118
1111617840
1112065456
1113523799
1113785671
1114007787
1114408530
1114579367
1115224859
1115226308
1117226966
1118463386
1118538466
1119140144
1119252560
1120512917
1121740742
1122329273
1122559727
1123413687
1125269824
1125392377
1126921711
1127245248
1127388811
1129554816
1130212629
1130579577
1130671011
1130934330
1131412327
1131844061
1134776778
1137669666
1138805283
1139659942
1142385758
1142728150
1143044286
1144101090
1144231963
1144818578
1145471346
1146486620
1146592327
1147688179
1147738226
1149082574
1149548297
1151837369
1152299443
1152457118
1152903123
1153480688
1153604319
1153658664
1154106752
1155811246
1156071337
1157404146
1157533914
1158940993
1159158559
1159622508
1160169621
1164046644
1165755524
1166414187
1166547300
1166678006
1167088280
1167635649
1167691742
1167765530
1168423850
1168518198
1168820553
1169727037
1169867919
1171177194
1174341141
1174601674
1174651033
1175358964
1175536456
1175677568
1176496955
1177851446
1180062638
1182499829
1182638555
1182820262
1183731302
1189008263
1189539612
1190564587
1191091020
1191131408
1192947131
1193660004
1195346366
1195855998
1195911238
1196181127
1196381047
1197839486
1198150968
1198767136
1200316452
1203278019
1204812117
1206004220
1206927511
1208304411
1208563248
1208782558
1209813999
1209972286
1211528648
1212279904
1212508812
1212750788
1212926678
1214086004
1215622422
1216189718
1217958876
1218965548
1219554966
1219667809
1219811684
1219828520
1222220015
1223167314
1224362633
1224690667
1225106677
1225833010
1226538228
1227035086
1227050579
1228445732
1228832561
1228853161
1228995684
1229463218
1229616802
1229708718
1231045475
1231099828
1231400879
1231421503
1231617277
1231825148
1232774925
1233185669
1233667252
1233941525
1234485293
1236561826
1237273681
1237609073
1237616448
1238046743
1238295868
1238874066
1239468437
1239648405
1239692102
1240623318
1242241716
1242534001
1245012770
1246149931
1247603719
1248935349
1248971559
1250465176
1251532706
1251641942
1253242120
1253542448
1253652396
1256363275
1257084408
1258604707
1258862891
1258916094
1259111359
1259393581
1259646708
1259879713
1260535106
1262747498
1262870407
1263401789
1263439426
1263663296
1263943736
1265221601
1266678353
1266743735
1266755996
1268197667
1271569969
1274599151
1274621926
1275959894
1276087442
1277725643
1278890394
1283105653
1283171292
1285855292
1286639938
1288430920
1290944245
1292357734
1292406600
1294114536
1295030053
1296062398
1297233978
1297949317
1300650897
1301566019
1303128282
1303535177
1304820212
1305078696
1305185263
1306066241
1306108263
1306522569
1308313104
1308731012
1309899323
1312308146
1314469631
1316363427
1317934288
1318002869
1318229924
1319361263
1320104906
1321215012
1322692923
1323287568
1323669816
1324300182
1324447685
1324990131
1325563589
1325857577
1328128795
1329247589
1329500471
1330746340
1330845272
1330933844
1331138746
1332664269
1333631481
1334862709
1335008692
1335189325
1335194445
1335462847
1335959984
1336354356
1337978710
1339538206
1339573274
1339912204
1341935722
1343362174
1344876562
1346158962
1346246222
1347273820
1347534719
1349478284
1349776138
1349870164
1350876884
1351154359
1352076303
1352619053
1353808417
1354469397
1356004223
1356408063
1356417572
1357140828
1357955129
1358489117
1359331183
1360848475
1361687429
1363882501
1364996418
1365155747
1365202268
1365306831
1366049456
1366524486
1367720401
1368591625
1368630121
1368730679
1368732560
1369830508
1370240190
1370459730
1370843081
1371494162
1371517350
1372109918
1374143762
1377225739
1377579396
1378264504
1383340119
1385602332
1386188452
1386613748
1389080727
1389797642
1392316569
1393397843
1394335827
1394739722
1395787508
1396213796
1396329158
1396537964
1396664829
1397462185
1397599130
1397797352
1398920247
1400328398
1400629655
1402374939
1404040012
1404471527
1404569122
1405584176
1406009370
1406033738
1406397094
1406841669
1407333061
1407884304
1408893073
1410090159
1411094118
1411228665
1411429043
1412676222
1415620156
1415664419
1417431716
1418645944
1418948483
1419360294
1419499795
1420016747
1420121093
1420675166
1421931382
1422742806
1423215840
1423943883
1425242407
1425710054
1426170028
1426710474
1426746080
1427289212
1427548338
1429446236
1430214404
1431522982
1431823160
1432453448
1434034747
1434138060
1434904576
1436304376
1436797298
1437298482
1438034074
1438397596
1439219346
1441038932
1442630339
1442738898
1444367224
1444603584
1445459850
1447339906
1447611598
1447968069
1448065204
1449426859
1450522941
1451754792
1452098276
1452114444
1452441533
1452476744
1453521347
1453604791
1453808646
1454996478
1455293881
1455896797
1457420727
1458556941
1458962182
1459322096
1460190091
1460341039
1460683716
1462633660
1462687996
1463181038
1463773324
1466142722
1466719750
1467778173
1469841267
1469944744
1469955492
1471363263
1471918890
1472917123
1474072459
1474932977
1476496530
1477719573
1478736432
1478821740
1478984588
1481451455
1482376859
1482510767
1485607039
1485610200
1488056123
1488903157
1489112773
1489424843
1489491442
1489695000
1489769022
1490188695
1491584828
1492148650
1492365354
1493281567
1494043213
1494450894
1495627574
1496335126
1496824361
1496947944
1497139938
1497662563
1498545485
1499592021
1500183748
1500403601
1500580693
1503268939
1503947753
1505238574
1505566719
1505751277
1506115892
1506524751
1507363821
1508110333
1508186995
1509135726
1510591206
1511700094
1512990052
1514271641
1515095810
1515978246
1516161869
1516484721
1517313208
1518792068
1519244994
1519595704
1519708441
1521345354
1522055985
1523354948
1524366574
1524932885
1525392463
1525651672
1526435941
1528008769
1529535390
1531317596
1531340697
1531689725
1532653898
1532898155
1535189415
1535719806
1535819353
1536814221
1537363204
1537721237
1538356733
1539215337
1540441498
1540740401
1545723465
1546991063
1548363807
1549248807
1549507315
1549930933
1550139350
1551227721
1551763252
1552624352
1552895001
1553942706
1556201844
1556318672
1556432839
1556602212
1556727775
1557799754
1559990752
1561280342
1562496961
1562619387
1562888313
1565086353
1566054339
1566243315
1566679368
1567324566
1568518159
1568543776
1568973982
1570040159
1571478861
1573494985
1574035651
1576173213
1576657359
1578554834
1578716447
1579295813
1579626917
1579928793
1580112640
1580147502
1580534496
1580769146
1580982019
1582044827
1583822571
1583848645
1584696214
1585322719
1585742959
1586478605
1587818672
1589111398
1589626833
1590286959
1590410783
1590540045
1591225029
1591698162
1593079634
1594909281
1595523019
1596014928
1596336477
1596581573
1598636267
1600306777
1602322576
1602407668
1602595905
1603557306
1603680812
1603791029
1604799578
1606257028
1607433026
1607437790
1608501153
1608812804
1609588233
1609625230
1610678367
1611118762
1611207556
1612194635
1612278117
1612610768
1612667480
1614996845
1615356284
1615662783
1615840331
1617368688
1617966404
1618251780
1618858553
1620246654
1620463515
1620581231
1621922062
1623464424
1624872280
1625668340
1626343489
1626423956
1626857384
1628194958
1628640241
1629047636
1630343768
1632168291
1632475508
1634910179
1635531728
1636142471
1636210218
1636312426
1636498049
1637651257
1638095515
1640982981
1641077202
1643487355
1645899904
1647743080
1649406469
1649498167
1649627498
1649777755
1651350751
1651916180
1652420565
1654707416
1655181929
1656004955
1657658378
1661557221
1661719328
1664186776
1664621483
1666039455
1666566786
1668102619
1668155806
1668985262
1670539073
1670984478
1671016341
1671284270
1671578874
1671627295
1672379439
1672423861
1673863867
1675834022
1675871905
1676047845
1676180719
1676548265
1678160610
1678655519
1678849274
1678933810
1680766948
1680978526
1681215898
1683669477
1684071742
1684176033
1684555679
1684639700
1687303097
1688394412
1688416208
1688620168
1689000180
1689886559
1692067842
1692262424
1693590765
1694307179
1695723174
1695881660
1696014491
1697412287
1697816679
1698160702
1698625811
1701781464
1702522722
1703476025
1703617679
1703788647
1705681952
1706442384
1706475439
1707191719
1708274974
1708584051
1709111178
1709211052
1709540574
1709960593
1712869613
1714072071
1717044100
1717404463
1717917180
1718489072
1718752956
1718795615
1719843706
1720500136
1720801218
1723198094
1724027749
1724484864
1724601762
1725098676
1725562116
1726612430
1726881131
1728139153
1728547055
1729757674
1730627647
1731523754
1732113758
1734321906
1737101791
1738251917
1738331536
1738615189
1738803406
1738960286
1739210635
1742139903
1743025164
1744888485
1745428429
1746921148
1747567859
1747578381
1747966009
1748663783
1750337062
1750769853
1751831908
1751915201
1755206018
1755404275
1755618852
1757664467
1758107410
1758442933
1759297107
1760849024
1761041673
1761642941
1762323197
1762763794
1765271835
1765612758
1765802194
1767033297
1767160543
1767471529
1767552401
1768106237
1768507280
1769891000
1770500042
1770791055
1770881343
1771394372
1772223558
1772607261
1772726854
1773390187
1773809718
1773988292
1774028557
1775744128
1776316817
1776408795
1777632116
1777868172
1777959117
1779625891
1780162567
1780339360
1782746402
1782762371
1783473740
1784734933
1785009450
1785641113
1786006385
1786054723
1786835970
1788959436
1788994403
1789562102
1790302977
1791622244
1791691971
1791710650
1792400843
1796198116
1796418676
1796819953
1800011294
1801744697
1803246395
1804123713
1804819842
1804996016
1805083192
1805390334
1805847649
1807695304
1807706920
1807950328
1809031717
1812340557
1812959706
1814984115
1815857446
1816456564
1816899072
1817155081
1817424866
1817477426
1818522700
1818806034
1819146944
1819787089
1820669324
1821533598
1821603128
1821682968
1821791948
1821993910
1822302193
1823727679
1823764166
1823804162
1823814576
1824317444
1824393585
1824990618
1825952947
1829075874
1829776085
1832605267
1834559906
1834680974
1834709645
1836785386
1837288970
1837671262
1838729669
1839341789
1839553679
1839779657
1839901854
1840178446
1840589358
1841202787
1843610365
1844301820
1845066164
1846601971
1846644478
1846652026
1847504181
1848089121
1849697753
1850557865
1851440261
1851730117
1853309339
1853410717
1853607943
1853893960
1854796964
1856905986
1857385346
1858302205
1858424790
1858808481
1859000475
1859252176
1859581537
1861064442
1865299171
1867158770
1867539984
1867934851
1867948266
1868128825
1868947939
1869336928
1869949355
1871344382
1873120663
1874688989
1874863892
1875168699
1875694855
1876783398
1877674418
1878485020
1879968118
1881229538
1882400653
1883555454
1883714106
1885372297
1887289617
1887555760
1887867075
1888326743
1888331002
1888495256
1889010079
1890192433
1890439894
1891361122
1891805210
1893344269
1895152021
1895298888
1895379191
1896557601
1898955062
1898998430
1899795049
1901146802
1901715292
1901828924
1906049919
1907072418
1911818401
1912203646
1915951302
1917266933
1917367602
1918603748
1919343675
1920031276
1920580944
1921101007
1921149245
1921152524
1922439428
1923113705
1926139776
1926910575
1927177705
1927373092
1928355495
1929977275
1932970759
1933154054
1933396386
1933690142
1934185330
1934359310
1934447982
1935263932
1935305783
1935624125
1935815928
1936250189
1936278877
1938164937
1939048496
1939259501
1939591935
1941304905
1942178388
1942201082
1942764625
1943360911
1943398976
1943660010
1943835524
1943869927
1944151207
1946008053
1946298832
1952188415
1953777198
1954059378
1954554956
1954819041
1955013008
1955024410
1955718210
1956057746
1956116951
1956534064
1956770063
1958209281
1958474486
1959522707
1959690561
1963614347
1965885783
1967666323
1967796990
1968389092
1968995452
1970893722
1971813254
1972397623
1975596471
1975716603
1976059110
1976384163
1976501077
1976758399
1976878568
1977219699
1978452944
1978575847
1978611012
1980765400
1983352983
1984630580
1985542655
1985830723
1988739519
1991294087
1991310126
1992013397
1993421997
1994998721
1995256889
1995860959
1996633800
1997415037
1997671416
1997734596
1997804532
1999174678
1999582563
2000941010
2001899761
2001956332
2004343873
2005152587
2006025543
2006358197
2006562428
2006899344
2008309664
2008456721
2009130111
2010462983
2010838549
2013369318
2013833790
2013866549
2017850952
2019403180
2020098416
2021418193
2021558993
2022276522
2023136282
2023412606
2024424591
2024921228
2026414706
2026439299
2027324753
2027957353
2028516921
2028575059
2029067751
2029337912
2029677587
2030069259
2031058331
2032664941
2033372521
2033682534
2034603165
2035469610
2037384603
2038419226
2039109979
2039734202
2041031071
2043104664
2043763784
2044786437
2047151955
2048172779
2048545221
2048554693
2048763176
2048858310
2049117302
2049859601
2050275550
2051375869
2052422333
2053349052
2055444899
2055826721
2056624006
2056927085
2060250989
2062060347
2062075793
2062241577
2062605246
2062974530
2062982044
2063080650
2064446358
2065224309
2065430926
2066726101
2066975505
2067215598
2068154836
2069613458
2070937532
2071036196
2071234074
2072573220
2073117437
2073323732
2075214463
2076367036
2077336739
2077511811
2080978620
2081759474
2081760572
2082006859
2082912390
2083590068
2084080253
2085308989
2085569942
2085893229
2085988983
2086091954
2086835648
2086847342
2087119076
2089816155
2090172078
2090550998
2090873003
2091029657
2091627169
2092676637
2095416683
2097616640
2099103582
2100139219
2100233318
2100286412
2100842335
2101279618
2102300292
2104722480
2105067201
2106089729
2106491662
2107260151
2107944240
2108442304
2111437688
2111825421
2112937343
2113215494
2113286209
2116481169
2117396910
2117898146
2118028752
2119267402
2120648362
2120773751
2123375259
2124636293
2125601517
2126176867
2126414976
2127484905
2129678622
2129935434
2130334735
2131288279
2131944221
2132803710
2134267510
2136825761
2138327264
2138724648
2139910599
2140316568
2140587224
2141610073
2142828008
2143133204
2143508980
2144708057
2144844363
2144950956
2146274659
2146354845
2147046667
2147792904
2148553892
2149016474
2152276202
2152927635
2152986319
2153588755
2153999964
2154503559
2155126236
2157021947
2157069596
2157088891
2158636929
2158876467
2159087033
2161503053
2161607659
2162459297
2163425220
2164605353
2165879760
2168210425
2168274802
2168562954
2170697197
2173484099
2174829255
2175388324
2176140544
2176535148
2177460123
2178304560
2179483829
2179555953
2179920954
2180279834
2180368053
2181100167
2182766450
2182810839
2183956242
2186281584
2187695659
2187976131
2189855306
2192016054
2192998257
2193623242
2196185047
2197366910
2198123888
2198828935
2199183260
2200191628
2200934223
2202380881
2203024068
2203694058
2204391541
2206476282
2206490177
2206665227
2207463047
2207714417
2208409285
2209170011
2212308471
2212821389
2216235531
2216747274
2216826643
2218029373
2218962308
2219372549
2220576755
2221811520
2221911153
2222129054
2223429166
2224824405
2225858351
2228064341
2230567204
2233628012
2233771589
2234187112
2235016308
2235066715
2235177971
2236414519
2236642533
2236687442
2238192293
2239247080
2239466075
2239716169
2241216410
2242312633
2242960275
2245953623
2246729294
2248142015
2249791083
2250226649
2252173305
2252709314
2255450244
2255549154
2256214443
2256692625
2256993642
2258269493
2259025490
2260351119
2261357650
2262353929
2264035458
2264320745
2264680620
2265171665
2266184834
2269083152
2269587850
2269711904
2269729266
2270380390
2270687454
2272310363
2272718439
2272767670
2273195324
2273392917
2276461369
2278848295
2280256767
2281450221
2281720979
2281888292
2282333940
2284604110
2285043757
2285277104
2285698777
2286604472
2289213405
2289473419
2289637864
2291156530
2291497610
2292230341
2295458913
2296579120
2296709258
2297093416
2297314233
2297360431
2297984712
2299018214
2299602628
2300425335
2300792314
2300889328
2301204818
2302226291
2302515917
2302864284
2306314184
2310311516
2311446557
2311811609
2312714607
2315307420
2315432362
2315754757
2315889770
2317058488
2318360686
2319134686
2320281301
2320522380
2321232805
2321267150
2321357755
2321904539
2321952305
2322018251
2322507695
2322901634
2323616764
2323803822
2324005020
2324006181
2325328482
2325590239
2325902728
2326320547
2326852872
2328813353
2330719011
2330816494
2332577417
2333246638
2333470370
2333550147
2334057569
2335828704
2337130389
2338471611
2339445312
2340896417
2341016786
2341048934
2342417650
2343011234
2343013031
2343345469
2344398283
2344825944
2344939722
2344943291
2348369021
2348483906
2348532920
2349653695
2350129694
2350708004
2351371297
2356095572
2357037003
2357268146
2357756641
2358740951
2362739588
2362863031
2362991572
2364033673
2364876690
2366316472
2366950884
2367976532
2369812840
2372037437
2372080932
2373314702
2373614512
2373702114
2374842966
2376532812
2376801108
2378660727
2379868792
2381459072
2381883812
2382519926
2383684337
2383716021
2384617565
2385996812
2386105962
2387237188
2387552764
2388110236
2388244765
2388574789
2388673838
2389878700
2390849518
2391505867
2393673785
2394321458
2397094169
2398980491
2399142449
2399540921
2400000351
2401063659
2401383809
2401401698
2401663093
2401942660
2402572274
2402934215
2403610820
2403616912
2403898058
2406137311
2406421083
2406661231
2408312094
2408776232
2409939628
2410406716
2412110977
2414454209
2414456922
2414547834
2414677087
2414785050
2414786778
2414804566
2415256522
2415736799
2415750175
2417218925
2417676096
2418216928
2421414926
2421692975
2422433672
2422583424
2428392602
2428777858
2428878161
2428883792
2430378602
2430586676
2430647775
2430761680
2431043243
2431296096
2432249665
2432292852
2432464390
2433090353
2433274720
2433403697
2434119982
2434945813
2435413049
2436884834
2437180587
2437466378
2438344289
2438700839
2440545750
2441937681
2443385421
2443624582
2444098867
2444986257
2445482160
2446756546
2448500767
2449304246
2449678835
2450042214
2450575669
2451023057
2451417352
2451789070
2454173368
2454434808
2455035410
2455170273
2456526370
2456549052
2456956315
2457094102
2458121510
2458978452
2461068218
2461938550
2463655835
2465285387
2466315279
2466883365
2467386013
2467422763
2471570613
2472184582
2473511479
2474072705
2474306443
2476145491
2476441589
2477326234
2479816261
2480206720
2480531009
2481209976
2482062428
2482907734
2483091022
2483688243
2483999734
2484857205
2485159663
2487316519
2489271937
2490401167
2492045049
2492537879
2493103216
2496790661
2499516539
2502774223
2503444734
2504049529
2504866821
2507551122
2508046748
2508062467
2508165585
2508706664
2509438846
2509517825
2509543747
2512903612
2513643856
2514655116
2515484730
2517221172
2517470524
2518790221
2522628007
2524356686
2524904172
2526268793
2526382347
2527437420
2527916153
2528003926
2528087189
2528733581
2529945004
2531381080
2532234363
2532702195
2532860463
2533318534
2533864165
2535595458
2536080266
2536129179
2537508941
2537666506
2540231189
2540851157
2540963947
2541054095
2542863224
2543455432
2544977448
2544997221
2545299638
2545385296
2546500725
2548482795
2550292095
2550718385
2551458585
2552633546
2553993658
2554683474
2556111188
2556111949
2557331712
2557395869
2557813763
2558004218
2559638732
2560567840
2560712632
2560905693
2562521863
2562757930
2563841623
2564122179
2565284311
2566372940
2566378722
2566527308
2568357147
2569638087
2569733430
2571806370
2572443662
2573322305
2573519718
2573590408
2573600685
2573780083
2574473192
2574823784
2575038449
2576348546
2577691604
2578221276
2579534910
2580493963
2584296825
2586362331
2588673371
2589360380
2589409765
2590224814
2591915871
2592513983
2592667241
2592710205
2594066196
2594277198
2594382224
2594671203
2595338509
2595949747
2596055148
2596194404
2596234962
2596996162
2597335701
2598470693
2598532665
2599075181
2601297702
2601521633
2602082673
2602149621
2603951814
2604669943
2605007556
2605091484
2605854396
2605908862
2606782691
2606876396
2607135410
2608133663
2608175753
2609082432
2609575913
2611432236
2611916932
2613427209
2613443361
2614985222
2615582684
2615846674
2615983023
2616027551
2616098486
2616125709
2616856010
2619714090
2620104938
2620330906
2622164158
2623375438
2624415484
2625177200
2626276721
2626375425
2629052809
2629419622
2629622634
2630395824
2630456228
2635350680
2635661413
2635811884
2636790121
2638584811
2639277147
2640238065
2640773013
2641736981
2643138802
2643261239
2643487079
2644348422
2645142686
2645584928
2646337441
2646951602
2647702173
2648790490
2650733780
2651287951
2653984364
2654142472
2655077701
2655758019
2656609586
2658322103
2658607794
2658712220
2660556271
2663601466
2664645126
2665829834
2666853202
2666961069
2667343279
2670406686
2671084112
2671476678
2672028934
2674597757
2675268712
2676325497
2676487718
2677857659
2678379515
2679265837
2679984549
2680077895
2681793810
2684644670
2684762703
2684988808
2687947845
2687997201
2688401335
2688558567
2689115024
2690030966
2690579867
2691593912
2692294909
2694755147
2695773744
2696529095
2697121146
2697196042
2697455432
2697661104
2697754776
2698916403
2698943460
2699225017
2701084610
2701265942
2702959033
2704058651
2710007599
2711620020
2712171259
2712592157
2713297355
2714056954
2714434079
2715035518
2715062393
2719357332
2720161822
2720886698
2727394840
2731398554
2731520475
2732943438
2733600385
2733753230
2734366078
2734889974
2734996066
2735700940
2736956747
2737099764
2737156433
2738390467
2739964924
2740042285
2740549509
2741938360
2742064688
2742573177
2742794237
2743460413
2744703507
2745463356
2746401395
2748745197
2749182420
2749230634
2750839115
2751199210
2751264525
2751396014
2752493448
2753715099
2754635528
2754833770
2755547154
2756442540
2757505725
2757859803
2758704790
2760131868
2760956749
2761087345
2762481008
2762493253
2762540258
2764002680
2765300232
2766919454
2767007364
2768162317
2768277286
2768289141
2768659030
2768695603
2769431121
2770420834
2770679544
2772390754
2773364420
2773833222
2774044328
2774356083
2775282572
2779664991
2781246528
2781764609
2782794312
2783332625
2784164229
2785307335
2785535190
2787548844
2788243018
2788246176
2788261019
2788483178
2789187794
2789535992
2790229741
2791676689
2791926774
2792434741
2792814276
2792978848
2793705736
2794276477
2796249853
2796478857
2796771080
2797777517
2799507214
2799892348
2803409526
2803687770
2804786324
2805128247
2805298814
2805999739
2806274162
2806474173
2809030022
2809086462
2810068830
2810538652
2811131572
2811684501
2812054385
2812599296
2812876594
2814994445
2816751211
2816925555
2817013373
2818674022
2818929315
2820183840
2820352374
2820751932
2821141789
2821520232
2821600553
2823719212
2823808048
2823864002
2823964088
2824173957
2826102368
2826280640
2826952256
2827582162
2828830367
2829798875
2829877500
2830066646
2830514586
2831441055
2833290695
2833472761
2833501439
2837786015
2839404208
2840662080
2841244591
2842308410
2842538438
2842746215
2843047103
2844845572
2845159396
2845242861
2845897252
2846504459
2846601645
2847385886
2850180065
2850330039
2851811433
2851828213
2852198508
2853195420
2853415576
2854263694
2854567499
2856323878
2856452621
2858850254
2859249704
2859321491
2860421999
2861508199
2862362835
2867377461
2867994980
2869341243
2869684848
2871928875
2872447241
2873725002
2874181909
2874558188
2875804005
2876402256
2876629953
2877786327
2878847199
2879387488
2879700286
2880690225
2881120624
2881501170
2882820603
2882891342
2883633531
2884086931
2884184572
2884280630
2884790550
2885040108
2885233559
2885484039
2885884760
2886334722
2886476683
2887048334
2887490519
2889658812
2890029542
2890813495
2891065365
2891762098
2893614320
2893705932
2893715066
2894394720
2894541364
2900345202
2901338117
2902631674
2904595325
2909295724
2909363232
2910198074
2911666603
2912051630
2912120498
2912634423
2913427822
2913643946
2914736583
2916646474
2917904766
2919560645
2920155217
2920596757
2920818832
2921654984
2921727668
2925209077
2925299166
2926461653
2928404465
2929021486
2930803593
2931407845
2931494040
2931974405
2932459969
2933194462
2933363747
2933429729
2933847163
2933952733
2934655833
2934764734
2935555554
2936258440
2937080612
2937951702
2938190438
2938509808
2938668525
2938691895
2940362504
2945423398
2945536039
2945999679
2946539141
2946809015
2947731146
2947766040
2947986273
2948048383
2948570752
2949118447
2949882636
2950447609
2952490790
2953082892
2954095254
2954936405
2955109207
2955578261
2956571333
2956757722
2956932346
2957546804
2959356997
2959582765
2959588450
2962288339
2962697846
2963207002
2963366484
2965733127
2967130188
2967329153
2967378972
2967632775
2968278569
2968789509
2969708925
2969844867
2971171305
2971870357
2972222970
2975738431
2976446076
2976510983
2978610213
2978746526
2980012105
2983998700
2984401849
2984775790
2985388942
2986736529
2986824866
2987357564
2988067628
2988663706
2989430834
2989691312
2989691363
2989906665
2990197037
2991853145
2992386031
2992859240
2992887049
2994701938
2994983995
2996071715
2997458592
2998087607
2998422251
2998536210
2999989242
3000265707
3000592958
3003619264
3004320905
3004816282
3004949576
3005571480
3007001073
3007713512
3010203290
3011746195
3012285677
3012930837
3013776673
3014709743
3014877721
3016434773
3017042624
3017853099
3017870912
3018267223
3018996197
3019910439
3020315594
3020433650
3021342086
3022060192
3022106692
3023724292
3024036791
3025360810
3026932635
3026984888
3028090686
3028540885
3029834532
3031332774
3032236993
3033587376
3034843350
3035304324
3038001947
3038180457
3039206516
3039451814
3041055246
3042190021
3043423766
3043930190
3044614680
3045441683
3046460289
3047716832
3048128952
3049726969
3052127303
3052621857
3052937656
3053323154
3054204216
3054345861
3055337024
3055625597
3056188884
3057212579
3057713809
3060862612
3062935639
3063122487
3063225778
3063693937
3064000964
3064905591
3065695865
3065718581
3065960331
3066720802
3069335113
3069595155
3071588848
3071665190
3072853903
3072879028
3076346499
3076778742
3078840655
3081196928
3083179357
3083552017
3086064781
3086122263
3088187233
3088539348
3091393806
3091884949
3093381160
3093721208
3096060145
3096482132
3097306067
3097702704
3099913287
3102729093
3103004184
3103711776
3104514705
3104729136
3104943569
3105833832
3105853693
3106201763
3106812301
3107010335
3107212558
3109982031
3110111631
3110119515
3110205924
3110310168
3110540120
3110557743
3111344977
3112603609
3115014916
3115036858
3115054878
3117377480
3118128113
3118526056
3118706760
3120432512
3122251209
3122577577
3122741732
3122817377
3123811290
3124920520
3126436638
3127063825
3128005395
3128867112
3130543972
3131807374
3136320313
3136638217
3138354827
3138599845
3138855011
3139988994
3140643796
3142277989
3143160856
3143610491
3144555285
3147326859
3148938575
3149667077
3149670886
3150725674
3151882525
3152180447
3152189532
3154228910
3154234814
3154312266
3154550034
3155127006
3155437383
3158169983
3158244856
3158846446
3159497958
3159671619
3159831303
3161390571
3163775946
3163930279
3164222724
3165390073
3165499249
3165879872
3166020478
3166959615
3167183612
3170205110
3172377023
3172581211
3172879971
3173106414
3175232165
3175417465
3175655979
3176568745
3177527534
3178020701
3178109532
3179517357
3179845242
3180051613
3182172788
3182728934
3183852917
3183877865
3184011794
3185806282
3185996296
3186217021
3188042649
3189076480
3189135224
3189403446
3191479340
3192339181
3192915565
3193812186
3195521123
3195767560
3196016599
3198044707
3198937768
3200525067
3201799028
3203902802
3205815842
3206146474
3206907342
3207544033
3210286079
3211170479
3212399419
3213915024
3214809795
3215006008
3215251734
3215747855
3216053836
3217367804
3217641033
3218185362
3220140332
3220435189
3221189691
3221584759
3222498984
3222889267
3223770564
3223860268
3224502774
3225309846
3225340826
3226553944
3227883491
3227938860
3228701201
3228788877
3229007743
3230788894
3230841081
3232276575
3232797352
3233900159
3234803056
3235647276
3235940015
3235974651
3236449669
3238100111
3238786217
3239772067
3239893261
3241940456
3243886506
3244976248
3246183896
3246237246
3246258770
3246364884
3247305555
3247897998
3248464806
3249066842
3249114284
3249231748
3249509948
3250069978
3251170014
3252156048
3252840669
3255387575
3255792644
3256683175
3257046644
3257992812
3258426429
3258890651
3260838455
3261810047
3262108245
3262158583
3262278261
3262908279
3263171443
3264934408
3267502320
3267502510
3267626417
3267716628
3268911641
3269180862
3269221154
3271054863
3271519744
3273831123
3275085570
3275212937
3275568225
3275814401
3277541299
3278208395
3278458925
3278573189
3279401785
3281086083
3282485470
3283837595
3285577362
3285685264
3287156253
3288177706
3289556780
3291173050
3291797238
3292408634
3292432256
3294476979
3296557739
3297626270
3298600168
3299017111
3300607316
3300956705
3302081672
3303381986
3303926829
3305651643
3305676003
3306342679
3306648463
3307000061
3307149141
3307476897
3307925113
3308110335
3309255710
3309311141
3309349819
3309418024
3310163195
3311903881
3312703255
3315177225
3316271452
3319192106
3320300601
3320867996
3323141445
3324098760
3324114143
3324154542
3324448889
3324726835
3325180593
3325219027
3328938601
3329020266
3329198912
3333905925
3334259451
3334602415
3335606798
3337584609
3337789094
3338701050
3340755601
3342346439
3342560741
3342720290
3342789442
3343600500
3344657095
3347006489
3347093535
3347464787
3352316622
3353313259
3355954163
3356759268
3357665625
3357807143
3359650021
3360561437
3360599938
3360618868
3361263999
3361592812
3361909974
3363109602
3363307753
3363991132
3364236531
3364988985
3365326359
3365631269
3365639121
3366150781
3366683219
3366878622
3367343165
3368165494
3369180748
3369791599
3369881605
3371080190
3371759507
3372043550
3372270644
3372683737
3375016559
3375017052
3375050281
3376966648
3377141871
3377694696
3378745760
3380121174
3380381993
3381650329
3382536815
3384009069
3384828659
3385248782
3385414696
3385943068
3386292701
3387032319
3388009332
3389130210
3389473856
3391809613
3391957091
3392166034
3393751339
3394657305
3395368876
3395574490
3396654897
3396811995
3397857443
3397952128
3398208242
3398245186
3399861258
3400206676
3400792695
3400917252
3401441631
3404529504
3405915788
3406169767
3406328640
3406581728
3406830429
3407960771
3409342385
3409558606
3410655177
3411667775
3413338894
3413598696
3413718954
3414938495
3415341912
3415769602
3416310185
3416423549
3416953992
3416990545
3417311746
3420854421
3421844485
3422281630
3422440285
3423344274
3423984611
3424049971
3424099430
3424359796
3425165520
3425309181
3426288393
3427603785
3429847477
3430590737
3433411840
3435748390
3436082436
3436126743
3436547965
3437851285
3439553714
3440505210
3442561283
3442791186
3442904819
3443748333
3443837874
3444297879
3444875191
3445736102
3449792222
3452066683
3452727805
3452966408
3453365489
3453486741
3456030547
3456538353
3457418803
3457435345
3461111577
3461192886
3461487505
3462237571
3462642343
3464833769
3465073159
3466303274
3467002619
3467465665
3469241979
3469783891
3470080519
3470157550
3471371333
3472110718
3472651745
3473993697
3474924724
3475384484
3476358362
3476483733
3476639264
3477110444
3478383314
3478580915
3478973064
3479721787
3480556280
3482098711
3484555608
3486259368
3486501111
3486942435
3486989406
3487499296
3487957863
3489091043
3490295404
3491003524
3491601220
3493938549
3494133981
3494345769
3494557023
3495067097
3495566101
3497370550
3497797962
3500078457
3500798446
3502138542
3502162460
3503475173
3505196410
3506385369
3506437774
3506606202
3506713683
3508918443
3508991416
3509316718
3509497951
3509830306
3509876523
3510058462
3511654697
3514469075
3514813652
3515295219
3516143585
3516982042
3522809230
3523088411
3523850661
3524849600
3525147301
3526813853
3527716771
3529754218
3530017869
3530321260
3530432534
3530578247
3530862107
3532361573
3533348431
3533784111
3534661603
3535419701
3535448435
3538089149
3538399489
3539109693
3543248791
3543904710
3544893206
3545921830
3546649469
3547946939
3548764726
3549593441
3551220956
3551575562
3551642473
3551703180
3552875394
3555447928
3555924096
3556375084
3556686551
3558192425
3558359501
3558578100
3558658375
3560422665
3560629344
3562059903
3562398408
3563834548
3564128803
3564504574
3567116020
3568298798
3568330900
3568333806
3569517295
3570075787
3570153062
3570388005
3572108518
3573115806
3573192028
3573635179
3573808033
3573822997
3573901378
3574262928
3574899854
3575762873
3576439446
3577088661
3578169081
3578592845
3578612372
3578746347
3579474473
3579625307
3580955797
3581129231
3581626157
3581640754
3581928582
3582461068
3583357073
3585463438
3585564978
3585631676
3585672881
3585792443
3586072234
3586743514
3586859008
3593130641
3594439728
3596039695
3596888755
3597065401
3597631613
3598991937
3599675861
3600663184
3600757001
3602132237
3604625034
3606256011
3606419838
3606663657
3606778827
3606876041
3607030895
3607546704
3609512531
3610026851
3610170442
3610218198
3610580518
3612038317
3613425420
3613665138
3614844599
3615449383
3615783771
3619096012
3619980804
3620236803
3620640376
3620731468
3620754201
3620782748
3621092125
3621373336
3621527052
3622911820
3624649374
3625723265
3625967612
3626886086
3627325461
3629013342
3629397759
3629550508
3629859376
3630856894
3630863684
3631597618
3632675819
3632824159
3633825678
3635288796
3635455870
3636880419
3637647379
3638041124
3639985909
3640319287
3642242645
3642251568
3643365033
3644362321
3644850641
3645467306
3647887037
3648779061
3652274917
3654007709
3655111996
3655306188
3656124262
3656785326
3657135652
3657136030
3658199022
3659381521
3659468373
3662752860
3663159921
3664445232
3666459698
3666681342
3666996677
3668736955
3669140334
3669844991
3669891431
3669908271
3670488138
3670698406
3671015852
3672191293
3673529966
3674122956
3674311674
3674592626
3675222475
3675634924
3677800042
3677856105
3678868946
3679079358
3680122730
3680641227
3682586305
3682894580
3684085141
3685114212
3685872454
3686041467
3687140229
3690405417
3691416925
3692450528
3693370170
3693945224
3694853570
3696217402
3696282212
3696445941
3697011456
3697038486
3697826001
3698932137
3700071545
3701240759
3701290407
3702865948
3703027679
3704372516
3706007468
3708085508
3709067004
3710221812
3710602176
3711212492
3711899989
3713085748
3714478634
3714921289
3715898319
3716585580
3718034754
3718077332
3719128655
3721316479
3722985893
3723462185
3725041359
3725208439
3725424041
3727109286
3731161665
3731333148
3732027015
3732122099
3732397400
3732406652
3734015287
3737303966
3739538614
3741755031
3742299491
3742426458
3743425975
3744051263
3744559712
3744905654
3745241292
3745538169
3745823169
3745921385
3746452145
3746698914
3746896681
3747109308
3747254909
3748262462
3749326819
3749370041
3749535435
3749688401
3750758093
3751424142
3752531068
3753861543
3754609934
3757079176
3758357851
3758512249
3758633780
3758791844
3760047483
3760159460
3760281631
3760903528
3762708380
3762941112
3763643313
3765870753
3766018285
3766730691
3767626944
3767859011
3768023425
3768399050
3769896296
3771031788
3771345742
3773499283
3773935225
3774435873
3774638092
3774881276
3777509361
3778904840
3780499026
3780824409
3781903914
3782914590
3784561286
3785243815
3786117558
3786911964
3788264942
3788475372
3790214574
3792027465
3792614656
3793820374
3795415817
3795615707
3795670454
3796658926
3801571763
3802676509
3803011746
3803908672
3804168984
3804645892
3806004672
3806312607
3806327580
3806352550
3806970536
3807861559
3807891195
3807900371
3808004385
3811010538
3811357962
3811557993
3812688376
3813037698
3813678877
3814817493
3814929492
3816286513
3816612923
3817110715
3817642822
3819577329
3820177493
3820736198
3822560614
3823492705
3824886259
3824918259
3826220733
3827621129
3827843235
3828247614
3828652040
3829513997
3830502350
3831904899
3831914392
3832099067
3833123712
3834018845
3835186624
3835441705
3835629397
3835630426
3836297444
3836878267
3837239547
3838599204
3841254378
3847445738
3848962202
3849613071
3849758482
3849892058
3850067234
3850275300
3850300295
3850569174
3851448462
3852551122
3856674371
3859122250
3859169379
3860018676
3862771027
3864397364
3864765351
3864840235
3865061712
3865352090
3866568945
3866652314
3866758053
3872186644
3872461160
3875387064
3875948744
3880640477
3880841111
3880996345
3883222488
3883338096
3883735258
3885250633
3885984348
3886607446
3887035029
3887458186
3888271672
3888891092
3889445097
3891097888
3891541431
3892827470
3893337411
3893572501
3893677285
3894698682
3895086583
3895298959
3895613052
3896506589
3897352888
3897909172
3898391121
3898964927
3899028539
3899489953
3900389409
3901562223
3901960037
3902026198
3902088456
3902103191
3904881597
3904999501
3905036994
3905226354
3905623347
3906052882
3906204614
3906466609
3906610974
3907301549
3907394955
3908125319
3908669865
3909827383
3910066512
3910578633
3910603557
3910679121
3910872394
3911081362
3912461573
3912899654
3913293005
3913659234
3913764013
3913915162
3914179672
3915351057
3917538423
3919530114
3920882828
3921838050
3921917993
3923019103
3924312194
3924555555
3925716908
3925798572
3926193453
3926250295
3927631223
3927699325
3928126573
3928612693
3931969481
3932196615
3933422595
3934622627
3934828578
3935762106
3936852309
3937658295
3938341980
3938343363
3939297199
3939532972
3942447809
3943523383
3944730381
3945980712
3946320349
3946640237
3947009543
3947534152
3948106822
3948168014
3948446408
3948780863
3948875445
3951559577
3954791536
3957549140
3958180250
3959118027
3960240443
3960650965
3960790406
3960871492
3961745082
3961947885
3963214281
3963368291
3964514304
3967177696
3967359101
3967418619
3968639925
3969098337
3969927661
3970045319
3971959908
3973244262
3973972307
3974854553
3976104602
3977492724
3978181749
3978906761
3978984192
3979175435
3979233135
3980080940
3980335566
3980412939
3981100997
3981378005
3982491734
3982776184
3982830256
3983758905
3984094327
3987295224
3988758513
3989215183
3989599262
3990187927
3991312434
3992277765
3992394660
3992651572
3993630262
3994552945
3995545131
3996717710
3997088818
3997807170
3997931968
3999368222
3999738752
3999854810
4000271116
4000398174
4001131163
4001185421
4001382506
4003002657
4003194034
4003753738
4004234497
4004383664
4004486734
4005621458
4005871759
4006248669
4006544902
4010078762
4012234531
4015017422
4015938417
4021473978
4021631321
4021779852
4022144218
4022567202
4022726231
4023128374
4023646588
4024009393
4030225858
4030226842
4030311950
4031382218
4031404929
4032014786
4032157161
4035866796
4036799665
4039455774
4039747599
4039966040
4039975439
4040340941
4041979821
4042408844
4043237994
4044054767
4044474835
4045143347
4045162626
4046837157
4046901514
4047508273
4047996526
4049112078
4049824810
4050199042
4050451594
4051516714
4051687518
4052236634
4054243854
4054513971
4054816798
4055697384
4056154825
4056467541
4057446013
4058642683
4058838499
4059190705
4059206172
4059460838
4059580584
4061240991
4061274468
4061587520
4063071947
4063235271
4063884087
4065228559
4065787667
4069163771
4070460811
4070599446
4072335461
4074414301
4074431724
4075508589
4076210215
4077868175
4078228709
4079717305
4079950097
4080234140
4080830709
4081007047
4082895742
4083289173
4083776537
4083813491
4085254502
4088405775
4088635616
4090968389
4091274293
4091691959
4092311398
4092642702
4092924568
4093295615
4094215174
4094471110
4095280994
4096362480
4097491824
4101121471
4101459436
4102947753
4103425915
4105664005
4106077325
4106993449
4107189397
4108614760
4108833992
4108949000
4109415138
4110348351
4110749819
4114029289
4114109154
4114380729
4114859436
4115336141
4115795495
4116150640
4118223598
4120210915
4120286081
4121001564
4123538726
4124836800
4125008980
4125305373
4125390863
4127274716
4131286795
4131424378
4133711691
4134439462
4134818494
4135882718
4136398226
4136480926
4136525930
4136652229
4136969884
4137962791
4138906934
4139274596
4141227891
4143225426
4145631118
4146436363
4148941836
4150232130
4150531471
4153372261
4153638568
4154401985
4154883394
4155403390
4156143132
4158368103
4160018007
4160726228
4160733075
4162170958
4165394485
4165453660
4165839581
4166279145
4166859287
4170020004
4171018342
4171724971
4172286696
4174408204
4175194330
4175840754
4178134545
4178364990
4179547423
4180595369
4180741768
4182790799
4184662287
4184757059
4185254930
4187927640
4188173183
4188312201
4188630858
4190491421
4190621110
4191104700
4191438210
4193815049
4194806721
4195826001
4196280555
4196604142
4198092093
4198162848
4198750187
4199462158
4199614967
4204469567
4204528815
4207243076
4207573324
4208215016
4209860487
4210039357
4210426411
4211432996
4212713614
4212924920
4213432161
4215855056
4218155867
4219030934
4220147264
4220433602
4221191755
4222200769
4222336501
4222347148
4222610330
4223871909
4226494905
4227951375
4228774990
4228984927
4230623301
4231412893
4231520240
4232542431
4234221036
4234610794
4234686267
4234813530
4235310631
4235568460
4236329124
4236836500
4239204087
4239820432
4240489552
4240745219
4242277750
4243064769
4243194255
4243932230
4246070467
4246127444
4246633669
4248289986
4250838207
4251071283
4251374695
4251650374
4251899039
4252169912
4252295658
4252524887
4254091848
4255811180
4255939548
4257068930
4257364172
4257729911
4259136621
4259166715
4261562812
4263074131
4263467525
4264446476
4267608207
4270783911
4271801818
4275952285
4279864849
4280061793
4280733461
4280826680
4281744497
4283291372
4286883038
4287471682
4287553370
4287807926
4287940044
4289582606
4291357333
4292398978
4292508603
4293001967
4293510543
4294610746
